0.003971	0.001648522
0.003969054	0.001633616
0.003967107	0.001618891
0.00396516	0.001604355
0.003963213	0.00159
0.003961267	0.001575835
0.003959321	0.001561854
0.003957374	0.001548055
0.003955427	0.001534445
0.00395348	0.001521017
0.003951534	0.001507778
0.003949588	0.001494723
0.003947641	0.001481851
0.003945694	0.001469167
0.003943748	0.001456668
0.003941801	0.001444351
0.003939855	0.001432223
0.003937908	0.001420277
0.003935961	0.001408519
0.003934015	0.001396946
0.003932068	0.001385556
0.003930122	0.001374354
0.003928175	0.001363334
0.003926228	0.001352502
0.003924282	0.001341856
0.003922335	0.001331392
0.003920389	0.001321115
0.003918442	0.001311022
0.003916495	0.001301116
0.003914549	0.001291395
0.003912602	0.001281858
0.003910656	0.001272508
0.003908709	0.001263343
0.003906762	0.001254361
0.003904816	0.001245565
0.003902869	0.001236956
0.003900923	0.001228531
0.003898976	0.001220291
0.003897029	0.001212237
0.003895083	0.001204368
0.003893136	0.001196684
0.00389119	0.001189185
0.003889243	0.001181871
0.003887296	0.001174743
0.00388535	0.001167801
0.003883403	0.001161043
0.003881457	0.00115447
0.00387951	0.001148083
0.003877563	0.001141881
0.003875617	0.001135864
0.00387367	0.001130032
0.003871724	0.001124386
0.003869777	0.001118925
0.00386783	0.001113649
0.003865884	0.001108558
0.003863937	0.001103653
0.00386199	0.001098932
0.003860043	0.001094334
0.003858095	0.00108981
0.003856147	0.001085359
0.003854199	0.001080983
0.003852249	0.001076672
0.0038503	0.001072388
0.00384835	0.001068125
0.0038464	0.001063885
0.00384445	0.001059667
0.0038425	0.001055473
0.00384055	0.0010513
0.0038386	0.001047149
0.00383665	0.00104302
0.0038347	0.001038914
0.00383275	0.001034831
0.0038308	0.00103077
0.00382885	0.001026731
0.0038269	0.001022714
0.00382495	0.00101872
0.003823001	0.001014749
0.003821051	0.001010799
0.003819101	0.001006872
0.003817151	0.001002967
0.003815201	0.000999085
0.003813251	0.000995224
0.003811301	0.000991387
0.003809351	0.000987571
0.003807401	0.000983778
0.003805451	0.000980007
0.003803501	0.000976259
0.003801551	0.000972533
0.003799601	0.000968829
0.003797651	0.000965148
0.003795701	0.000961489
0.003793751	0.000957852
0.003791802	0.000954238
0.003789852	0.000950646
0.003787902	0.000947076
0.003785952	0.000943529
0.003784002	0.000940004
0.003782052	0.000936501
0.003780102	0.000933021
0.003778152	0.000929563
0.003776202	0.000926127
0.003774252	0.000922714
0.003772302	0.000919323
0.003770352	0.000915955
0.003768402	0.000912609
0.003766452	0.000909285
0.003764502	0.000905983
0.003762553	0.000902704
0.003760603	0.000899447
0.003758653	0.000896213
0.003756703	0.000893
0.003754753	0.000889811
0.003752803	0.000886643
0.003750853	0.000883498
0.003748903	0.000880375
0.003746953	0.000877275
0.003745003	0.000874197
0.003743053	0.000871141
0.003741103	0.000868108
0.003739153	0.000865097
0.003737203	0.000862108
0.003735253	0.000859142
0.003733303	0.000856198
0.003731353	0.000853276
0.003729403	0.000850377
0.003727454	0.0008475
0.003725504	0.000844643
0.003723555	0.000841805
0.003721605	0.000838985
0.003719656	0.000836184
0.003717707	0.000833401
0.003715757	0.000830637
0.003713808	0.000827891
0.003711858	0.000825164
0.003709909	0.000822455
0.00370796	0.000819765
0.00370601	0.000817093
0.003704061	0.00081444
0.003702111	0.000811806
0.003700162	0.00080919
0.003698213	0.000806592
0.003696263	0.000804013
0.003694314	0.000801452
0.003692364	0.00079891
0.003690415	0.000796387
0.003688466	0.000793882
0.003686516	0.000791395
0.003684567	0.000788927
0.003682617	0.000786478
0.003680668	0.000784047
0.003678719	0.000781634
0.003676769	0.00077924
0.00367482	0.000776865
0.00367287	0.000774508
0.003670921	0.00077217
0.003668971	0.00076985
0.003667022	0.000767549
0.003665073	0.000765266
0.003663123	0.000763002
0.003661174	0.000760756
0.003659224	0.000758528
0.003657275	0.000756319
0.003655326	0.000754129
0.003653376	0.000751958
0.003651427	0.000749804
0.003649477	0.00074767
0.003647528	0.000745553
0.003645579	0.000743456
0.003643629	0.000741377
0.00364168	0.000739316
0.00363973	0.000737274
0.003637781	0.00073525
0.003635832	0.000733245
0.003633882	0.000731258
0.003631933	0.00072929
0.003629983	0.000727341
0.003628034	0.00072541
0.003626085	0.000723497
0.003624135	0.000721603
0.003622186	0.000719728
0.003620236	0.000717871
0.003618287	0.000716032
0.003616337	0.000714212
0.003614388	0.000712411
0.003612439	0.000710628
0.003610489	0.000708863
0.00360854	0.000707118
0.00360659	0.00070539
0.003604641	0.000703681
0.003602692	0.000701991
0.003600742	0.000700319
0.003598793	0.000698666
0.003596843	0.000697031
0.003594894	0.000695414
0.003592945	0.000693817
0.003590995	0.000692238
0.003589046	0.000690677
0.003587096	0.000689134
0.003585147	0.000687611
0.003583198	0.000686106
0.003581248	0.000684619
0.003579299	0.000683151
0.003577349	0.000681701
0.0035754	0.00068027
0.003573451	0.000678857
0.003571501	0.000677463
0.003569552	0.000676087
0.003567602	0.00067473
0.003565652	0.00067339
0.003563701	0.000672061
0.00356175	0.000670743
0.003559799	0.000669437
0.003557848	0.000668141
0.003555897	0.000666857
0.003553946	0.000665583
0.003551995	0.00066432
0.003550044	0.000663069
0.003548093	0.000661829
0.003546142	0.000660599
0.003544191	0.000659381
0.00354224	0.000658173
0.003540289	0.000656977
0.003538338	0.000655792
0.003536387	0.000654618
0.003534436	0.000653455
0.003532485	0.000652303
0.003530534	0.000651162
0.003528583	0.000650032
0.003526632	0.000648913
0.003524681	0.000647805
0.00352273	0.000646709
0.003520779	0.000645623
0.003518828	0.000644548
0.003516877	0.000643485
0.003514926	0.000642432
0.003512975	0.00064139
0.003511024	0.00064036
0.003509073	0.00063934
0.003507122	0.000638332
0.003505171	0.000637335
0.00350322	0.000636349
0.003501269	0.000635373
0.003499318	0.000634409
0.003497367	0.000633456
0.003495416	0.000632514
0.003493465	0.000631583
0.003491514	0.000630663
0.003489563	0.000629754
0.003487612	0.000628856
0.003485661	0.000627969
0.00348371	0.000627092
0.003481758	0.000626222
0.003479806	0.000625358
0.003477855	0.000624501
0.003475903	0.000623651
0.003473951	0.000622807
0.003472	0.000621971
0.003470048	0.000621141
0.003468096	0.000620318
0.003466145	0.000619501
0.003464193	0.000618692
0.003462241	0.000617889
0.00346029	0.000617092
0.003458338	0.000616303
0.003456387	0.00061552
0.003454435	0.000614744
0.003452483	0.000613975
0.003450532	0.000613213
0.00344858	0.000612457
0.003446628	0.000611708
0.003444677	0.000610965
0.003442725	0.00061023
0.003440774	0.000609501
0.003438822	0.000608779
0.00343687	0.000608064
0.003434918	0.000607355
0.003432967	0.000606653
0.003431015	0.000605958
0.003429064	0.00060527
0.003427112	0.000604588
0.00342516	0.000603914
0.003423209	0.000603245
0.003421257	0.000602584
0.003419305	0.000601929
0.003417354	0.000601281
0.003415402	0.00060064
0.003413451	0.000600006
0.003411499	0.000599378
0.003409547	0.000598757
0.003407596	0.000598143
0.003405644	0.000597536
0.003403692	0.000596935
0.003401741	0.000596341
0.003399789	0.000595754
0.003397838	0.000595174
0.003395886	0.0005946
0.003393934	0.000594033
0.003391982	0.000593473
0.003390031	0.000592919
0.003388079	0.000592372
0.003386128	0.000591832
0.003384176	0.000591299
0.003382224	0.000590773
0.003380273	0.000590253
0.003378321	0.00058974
0.003376369	0.000589233
0.003374418	0.000588734
0.003372466	0.000588241
0.003370515	0.000587755
0.003368563	0.000587276
0.003366611	0.000586803
0.003364659	0.000586337
0.003362708	0.000585876
0.003360756	0.000585416
0.003358805	0.000584958
0.003356853	0.0005845
0.003354901	0.000584043
0.00335295	0.000583588
0.003350998	0.000583134
0.003349047	0.000582681
0.003347095	0.000582229
0.003345143	0.000581778
0.003343192	0.000581329
0.00334124	0.00058088
0.003339288	0.000580433
0.003337337	0.000579986
0.003335385	0.000579541
0.003333433	0.000579096
0.003331482	0.000578652
0.00332953	0.000578209
0.003327579	0.000577767
0.003325627	0.000577326
0.003323675	0.000576886
0.003321723	0.000576447
0.003319772	0.000576008
0.00331782	0.000575571
0.003315868	0.000575134
0.003313917	0.000574699
0.003311965	0.000574264
0.003310014	0.00057383
0.003308062	0.000573397
0.00330611	0.000572965
0.003304158	0.000572533
0.003302207	0.000572103
0.003300255	0.000571674
0.003298304	0.000571245
0.003296352	0.000570818
0.0032944	0.000570391
0.003292449	0.000569965
0.003290497	0.00056954
0.003288545	0.000569116
0.003286593	0.000568693
0.003284642	0.000568271
0.00328269	0.000567849
0.003280739	0.000567429
0.003278787	0.000567009
0.003276835	0.000566591
0.003274883	0.000566173
0.003272932	0.000565756
0.00327098	0.00056534
0.003269028	0.000564925
0.003267077	0.000564511
0.003265125	0.000564097
0.003263174	0.000563685
0.003261222	0.000563274
0.00325927	0.000562863
0.003257318	0.000562453
0.003255367	0.000562045
0.003253415	0.000561637
0.003251463	0.00056123
0.003249512	0.000560824
0.00324756	0.000560418
0.003245609	0.000560014
0.003243657	0.000559611
0.003241705	0.000559208
0.003239753	0.000558807
0.003237802	0.000558406
0.00323585	0.000558006
0.003233898	0.000557607
0.003231947	0.000557209
0.003229995	0.000556812
0.003228044	0.000556416
0.003226092	0.00055602
0.00322414	0.000555626
0.003222188	0.000555232
0.003220237	0.00055484
0.003218285	0.000554448
0.003216334	0.000554057
0.003214382	0.000553667
0.00321243	0.000553278
0.003210479	0.00055289
0.003208527	0.000552503
0.003206575	0.000552116
0.003204623	0.000551731
0.003202672	0.000551346
0.00320072	0.000550963
0.003198769	0.00055058
0.003196817	0.000550198
0.003194865	0.000549817
0.003192914	0.000549437
0.003190962	0.000549058
0.00318901	0.00054868
0.003187059	0.000548302
0.003185107	0.000547926
0.003183155	0.00054755
0.003181204	0.000547176
0.003179252	0.000546802
0.0031773	0.000546429
0.003175349	0.000546057
0.003173397	0.000545686
0.003171445	0.000545316
0.003169494	0.000544947
0.003167542	0.000544578
0.003165591	0.000544211
0.003163639	0.000543844
0.003161687	0.000543479
0.003159735	0.000543114
0.003157784	0.00054275
0.003155832	0.000542387
0.00315388	0.000542025
0.003151929	0.000541664
0.003149977	0.000541304
0.003148026	0.000540944
0.003146074	0.000540586
0.003144122	0.000540228
0.00314217	0.000539872
0.003140218	0.000539517
0.003138267	0.000539162
0.003136315	0.000538809
0.003134363	0.000538456
0.003132411	0.000538105
0.003130459	0.000537755
0.003128507	0.000537405
0.003126556	0.000537057
0.003124604	0.000536709
0.003122653	0.000536362
0.003120702	0.000536015
0.00311875	0.000535669
0.003116799	0.000535323
0.003114848	0.000534977
0.003112897	0.000534632
0.003110945	0.000534287
0.003108994	0.000533943
0.003107043	0.000533599
0.003105091	0.000533256
0.00310314	0.000532913
0.003101189	0.00053257
0.003099237	0.000532228
0.003097286	0.000531886
0.003095335	0.000531545
0.003093384	0.000531204
0.003091432	0.000530864
0.003089481	0.000530524
0.00308753	0.000530184
0.003085579	0.000529845
0.003083627	0.000529506
0.003081676	0.000529168
0.003079724	0.00052883
0.003077773	0.000528493
0.003075822	0.000528156
0.003073871	0.000527819
0.003071919	0.000527483
0.003069968	0.000527147
0.003068017	0.000526812
0.003066066	0.000526477
0.003064114	0.000526143
0.003062163	0.000525809
0.003060212	0.000525475
0.00305826	0.000525142
0.003056309	0.000524809
0.003054358	0.000524477
0.003052407	0.000524145
0.003050455	0.000523814
0.003048504	0.000523483
0.003046553	0.000523152
0.003044601	0.000522822
0.00304265	0.000522493
0.003040699	0.000522163
0.003038747	0.000521834
0.003036796	0.000521506
0.003034845	0.000521178
0.003032894	0.00052085
0.003030942	0.000520523
0.003028991	0.000520197
0.00302704	0.00051987
0.003025088	0.000519545
0.003023137	0.000519219
0.003021186	0.000518894
0.003019234	0.00051857
0.003017283	0.000518245
0.003015332	0.000517922
0.003013381	0.000517598
0.003011429	0.000517276
0.003009478	0.000516953
0.003007527	0.000516631
0.003005575	0.00051631
0.003003624	0.000515989
0.003001673	0.000515668
0.002999721	0.000515348
0.00299777	0.000515028
0.002995819	0.000514708
0.002993868	0.000514389
0.002991916	0.000514071
0.002989965	0.000513753
0.002988014	0.000513435
0.002986062	0.000513117
0.002984111	0.0005128
0.002982159	0.000512483
0.002980208	0.000512166
0.002978257	0.00051185
0.002976305	0.000511534
0.002974354	0.000511218
0.002972402	0.000510902
0.002970451	0.000510587
0.002968499	0.000510272
0.002966548	0.000509958
0.002964597	0.000509644
0.002962645	0.00050933
0.002960694	0.000509016
0.002958743	0.000508703
0.002956791	0.00050839
0.00295484	0.000508077
0.002952888	0.000507765
0.002950937	0.000507453
0.002948986	0.000507141
0.002947034	0.000506829
0.002945083	0.000506518
0.002943131	0.000506207
0.00294118	0.000505897
0.002939229	0.000505586
0.002937277	0.000505276
0.002935326	0.000504966
0.002933374	0.000504657
0.002931423	0.000504348
0.002929472	0.000504039
0.00292752	0.00050373
0.002925569	0.000503422
0.002923617	0.000503114
0.002921666	0.000502806
0.002919715	0.000502499
0.002917763	0.000502192
0.002915812	0.000501885
0.002913861	0.000501579
0.002911909	0.000501272
0.002909958	0.000500966
0.002908006	0.000500661
0.002906055	0.000500355
0.002904104	0.00050005
0.002902152	0.000499745
0.002900201	0.000499441
0.002898249	0.000499137
0.002896298	0.000498833
0.002894347	0.000498529
0.002892395	0.000498226
0.002890444	0.000497923
0.002888493	0.00049762
0.002886541	0.000497318
0.00288459	0.000497016
0.002882638	0.000496714
0.002880687	0.000496412
0.002878736	0.000496111
0.002876784	0.00049581
0.002874833	0.000495509
0.002872881	0.000495209
0.00287093	0.000494909
0.002868979	0.000494609
0.002867027	0.000494309
0.002865076	0.00049401
0.002863124	0.000493711
0.002861173	0.000493413
0.002859222	0.000493114
0.00285727	0.000492816
0.002855319	0.000492518
0.002853367	0.000492221
0.002851416	0.000491924
0.002849465	0.000491627
0.002847513	0.00049133
0.002845562	0.000491034
0.00284361	0.000490738
0.002841659	0.000490442
0.002839708	0.000490147
0.002837756	0.000489851
0.002835805	0.000489557
0.002833854	0.000489262
0.002831902	0.000488968
0.002829951	0.000488674
0.002827999	0.00048838
0.002826048	0.000488087
0.002824097	0.000487794
0.002822145	0.000487501
0.002820194	0.000487208
0.002818242	0.000486916
0.002816291	0.000486624
0.002814339	0.000486332
0.002812388	0.000486041
0.002810437	0.00048575
0.002808485	0.000485459
0.002806534	0.000485169
0.002804583	0.000484879
0.002802631	0.000484589
0.00280068	0.000484299
0.002798729	0.00048401
0.002796777	0.000483721
0.002794826	0.000483432
0.002792874	0.000483144
0.002790923	0.000482855
0.002788972	0.000482568
0.00278702	0.00048228
0.002785069	0.000481993
0.002783117	0.000481706
0.002781166	0.000481419
0.002779215	0.000481133
0.002777263	0.000480847
0.002775312	0.000480561
0.002773361	0.000480275
0.002771409	0.00047999
0.002769458	0.000479705
0.002767506	0.00047942
0.002765555	0.000479136
0.002763604	0.000478852
0.002761652	0.000478568
0.002759701	0.000478285
0.002757749	0.000478002
0.002755798	0.000477719
0.002753847	0.000477436
0.002751895	0.000477154
0.002749944	0.000476872
0.002747992	0.00047659
0.002746041	0.000476309
0.00274409	0.000476027
0.002742138	0.000475747
0.002740187	0.000475466
0.002738236	0.000475186
0.002736284	0.000474906
0.002734333	0.000474626
0.002732381	0.000474347
0.00273043	0.000474068
0.002728479	0.000473789
0.002726527	0.00047351
0.002724576	0.000473232
0.002722625	0.000472954
0.002720673	0.000472676
0.002718722	0.000472399
0.00271677	0.000472122
0.002714819	0.000471845
0.002712868	0.000471569
0.002710916	0.000471293
0.002708965	0.000471017
0.002707013	0.000470741
0.002705062	0.000470466
0.00270311	0.000470191
0.002701159	0.000469916
0.002699208	0.000469642
0.002697256	0.000469368
0.002695305	0.000469094
0.002693354	0.00046882
0.002691402	0.000468547
0.002689451	0.000468274
0.002687499	0.000468001
0.002685548	0.000467729
0.002683597	0.000467457
0.002681645	0.000467185
0.002679694	0.000466913
0.002677742	0.000466642
0.002675791	0.000466371
0.00267384	0.000466101
0.002671888	0.00046583
0.002669937	0.00046556
0.002667985	0.00046529
0.002666034	0.000465021
0.002664083	0.000464752
0.002662131	0.000464483
0.00266018	0.000464214
0.002658229	0.000463946
0.002656277	0.000463678
0.002654326	0.00046341
0.002652374	0.000463143
0.002650423	0.000462876
0.002648471	0.000462609
0.00264652	0.000462342
0.002644569	0.000462076
0.002642617	0.00046181
0.002640666	0.000461544
0.002638715	0.000461279
0.002636763	0.000461014
0.002634812	0.000460749
0.002632861	0.000460485
0.002630909	0.00046022
0.002628958	0.000459957
0.002627006	0.000459693
0.002625055	0.00045943
0.002623104	0.000459167
0.002621152	0.000458904
0.002619201	0.000458641
0.002617249	0.000458379
0.002615298	0.000458117
0.002613347	0.000457856
0.002611395	0.000457594
0.002609444	0.000457333
0.002607493	0.000457073
0.002605541	0.000456812
0.00260359	0.000456552
0.002601638	0.000456292
0.002599687	0.000456033
0.002597735	0.000455773
0.002595784	0.000455514
0.002593833	0.000455256
0.002591881	0.000454997
0.00258993	0.000454739
0.002587978	0.000454482
0.002586027	0.000454224
0.002584076	0.000453967
0.002582124	0.00045371
0.002580173	0.000453453
0.002578222	0.000453197
0.00257627	0.000452941
0.002574319	0.000452685
0.002572368	0.00045243
0.002570416	0.000452175
0.002568465	0.00045192
0.002566513	0.000451665
0.002564562	0.000451411
0.002562611	0.000451157
0.002560659	0.000450903
0.002558708	0.00045065
0.002556756	0.000450396
0.002554805	0.000450144
0.002552854	0.000449891
0.002550902	0.000449639
0.002548951	0.000449387
0.002546999	0.000449135
0.002545048	0.000448884
0.002543097	0.000448633
0.002541145	0.000448382
0.002539194	0.000448131
0.002537242	0.000447881
0.002535291	0.000447631
0.00253334	0.000447382
0.002531388	0.000447132
0.002529437	0.000446883
0.002527486	0.000446635
0.002525534	0.000446386
0.002523583	0.000446138
0.002521631	0.00044589
0.00251968	0.000445643
0.002517729	0.000445395
0.002515777	0.000445148
0.002513826	0.000444902
0.002511874	0.000444655
0.002509923	0.000444409
0.002507971	0.000444163
0.00250602	0.000443918
0.002504069	0.000443672
0.002502117	0.000443427
0.002500166	0.000443183
0.002498215	0.000442938
0.002496263	0.000442694
0.002494312	0.00044245
0.002492361	0.000442207
0.002490409	0.000441964
0.002488458	0.000441721
0.002486506	0.000441478
0.002484555	0.000441236
0.002482604	0.000440994
0.002480652	0.000440752
0.002478701	0.000440511
0.002476749	0.00044027
0.002474798	0.000440029
0.002472847	0.000439788
0.002470895	0.000439548
0.002468944	0.000439308
0.002466992	0.000439068
0.002465041	0.000438829
0.00246309	0.00043859
0.002461138	0.000438351
0.002459187	0.000438112
0.002457236	0.000437874
0.002455284	0.000437636
0.002453333	0.000437398
0.002451381	0.000437161
0.00244943	0.000436924
0.002447478	0.000436687
0.002445527	0.000436451
0.002443576	0.000436214
0.002441624	0.000435979
0.002439673	0.000435743
0.002437722	0.000435508
0.00243577	0.000435273
0.002433819	0.000435038
0.002431867	0.000434803
0.002429916	0.000434569
0.002427965	0.000434335
0.002426013	0.000434102
0.002424062	0.000433868
0.00242211	0.000433635
0.002420159	0.000433403
0.002418208	0.00043317
0.002416256	0.000432938
0.002414305	0.000432706
0.002412354	0.000432475
0.002410402	0.000432244
0.002408451	0.000432013
0.002406499	0.000431782
0.002404548	0.000431552
0.002402597	0.000431322
0.002400645	0.000431092
0.002398694	0.000430862
0.002396742	0.000430633
0.002394791	0.000430404
0.00239284	0.000430176
0.002390888	0.000429947
0.002388937	0.000429719
0.002386985	0.000429492
0.002385034	0.000429264
0.002383083	0.000429037
0.002381131	0.00042881
0.00237918	0.000428583
0.002377229	0.000428357
0.002375277	0.000428131
0.002373326	0.000427906
0.002371374	0.00042768
0.002369423	0.000427455
0.002367471	0.00042723
0.00236552	0.000427006
0.002363569	0.000426781
0.002361617	0.000426557
0.002359666	0.000426334
0.002357715	0.00042611
0.002355763	0.000425887
0.002353812	0.000425665
0.00235186	0.000425442
0.002349909	0.00042522
0.002347958	0.000424998
0.002346006	0.000424776
0.002344055	0.000424555
0.002342104	0.000424334
0.002340152	0.000424113
0.002338201	0.000423893
0.002336249	0.000423673
0.002334298	0.000423453
0.002332347	0.000423233
0.002330395	0.000423014
0.002328444	0.000422795
0.002326492	0.000422576
0.002324541	0.000422358
0.00232259	0.00042214
0.002320638	0.000421922
0.002318687	0.000421705
0.002316735	0.000421487
0.002314784	0.00042127
0.002312833	0.000421054
0.002310881	0.000420837
0.00230893	0.000420621
0.002306978	0.000420406
0.002305027	0.00042019
0.002303076	0.000419975
0.002301124	0.00041976
0.002299173	0.000419545
0.002297222	0.000419331
0.00229527	0.000419117
0.002293319	0.000418903
0.002291367	0.00041869
0.002289416	0.000418477
0.002287465	0.000418264
0.002285513	0.000418051
0.002283562	0.000417839
0.00228161	0.000417627
0.002279659	0.000417415
0.002277708	0.000417204
0.002275756	0.000416993
0.002273805	0.000416782
0.002271853	0.000416572
0.002269902	0.000416361
0.002267951	0.000416151
0.002265999	0.000415942
0.002264048	0.000415732
0.002262097	0.000415523
0.002260145	0.000415315
0.002258194	0.000415106
0.002256242	0.000414898
0.002254291	0.00041469
0.00225234	0.000414482
0.002250388	0.000414275
0.002248437	0.000414068
0.002246485	0.000413861
0.002244534	0.000413655
0.002242583	0.000413449
0.002240631	0.000413243
0.00223868	0.000413037
0.002236728	0.000412832
0.002234777	0.000412627
0.002232826	0.000412422
0.002230874	0.000412218
0.002228923	0.000412014
0.002226971	0.00041181
0.00222502	0.000411607
0.002223069	0.000411403
0.002221117	0.0004112
0.002219166	0.000410998
0.002217215	0.000410795
0.002215263	0.000410593
0.002213312	0.000410392
0.00221136	0.00041019
0.002209409	0.000409989
0.002207457	0.000409788
0.002205506	0.000409587
0.002203555	0.000409387
0.002201603	0.000409187
0.002199652	0.000408987
0.002197701	0.000408788
0.002195749	0.000408589
0.002193798	0.00040839
0.002191846	0.000408191
0.002189895	0.000407993
0.002187944	0.000407795
0.002185992	0.000407598
0.002184041	0.0004074
0.00218209	0.000407203
0.002180138	0.000407006
0.002178187	0.00040681
0.002176235	0.000406613
0.002174284	0.000406417
0.002172333	0.000406222
0.002170381	0.000406026
0.00216843	0.000405831
0.002166478	0.000405635
0.002164527	0.000405441
0.002162576	0.000405246
0.002160625	0.000405051
0.002158673	0.000404857
0.002156722	0.000404663
0.002154771	0.000404469
0.002152819	0.000404276
0.002150868	0.000404082
0.002148917	0.000403889
0.002146965	0.000403697
0.002145014	0.000403504
0.002143063	0.000403311
0.002141111	0.000403119
0.00213916	0.000402927
0.002137208	0.000402736
0.002135257	0.000402544
0.002133306	0.000402353
0.002131354	0.000402162
0.002129403	0.000401971
0.002127452	0.00040178
0.002125501	0.00040159
0.002123549	0.0004014
0.002121598	0.00040121
0.002119646	0.00040102
0.002117695	0.000400831
0.002115744	0.000400642
0.002113792	0.000400453
0.002111841	0.000400264
0.00210989	0.000400075
0.002107939	0.000399887
0.002105987	0.000399699
0.002104036	0.000399511
0.002102084	0.000399323
0.002100133	0.000399136
0.002098182	0.000398949
0.00209623	0.000398762
0.002094279	0.000398575
0.002092328	0.000398389
0.002090376	0.000398202
0.002088425	0.000398016
0.002086474	0.00039783
0.002084522	0.000397645
0.002082571	0.000397459
0.00208062	0.000397274
0.002078668	0.000397089
0.002076717	0.000396905
0.002074766	0.00039672
0.002072814	0.000396536
0.002070863	0.000396352
0.002068911	0.000396168
0.00206696	0.000395985
0.002065009	0.000395801
0.002063057	0.000395618
0.002061106	0.000395435
0.002059155	0.000395253
0.002057203	0.00039507
0.002055252	0.000394888
0.002053301	0.000394706
0.002051349	0.000394525
0.002049398	0.000394343
0.002047447	0.000394162
0.002045496	0.000393981
0.002043544	0.0003938
0.002041593	0.000393619
0.002039641	0.000393439
0.00203769	0.000393259
0.002035739	0.000393079
0.002033787	0.000392899
0.002031836	0.00039272
0.002029885	0.000392541
0.002027933	0.000392362
0.002025982	0.000392183
0.002024031	0.000392004
0.002022079	0.000391826
0.002020128	0.000391648
0.002018177	0.00039147
0.002016225	0.000391292
0.002014274	0.000391115
0.002012323	0.000390938
0.002010371	0.000390761
0.00200842	0.000390584
0.002006468	0.000390408
0.002004517	0.000390231
0.002002566	0.000390055
0.002000615	0.00038988
0.001998663	0.000389704
0.001996712	0.000389529
0.001994761	0.000389354
0.001992809	0.000389179
0.001990858	0.000389004
0.001988906	0.00038883
0.001986955	0.000388655
0.001985004	0.000388481
0.001983053	0.000388308
0.001981101	0.000388134
0.00197915	0.000387961
0.001977198	0.000387788
0.001975247	0.000387615
0.001973296	0.000387442
0.001971344	0.00038727
0.001969393	0.000387098
0.001967442	0.000386926
0.00196549	0.000386754
0.001963539	0.000386582
0.001961588	0.000386411
0.001959636	0.00038624
0.001957685	0.000386069
0.001955734	0.000385899
0.001953782	0.000385728
0.001951831	0.000385558
0.001949879	0.000385388
0.001947928	0.000385219
0.001945977	0.000385049
0.001944026	0.00038488
0.001942074	0.000384711
0.001940123	0.000384542
0.001938171	0.000384374
0.00193622	0.000384206
0.001934269	0.000384037
0.001932317	0.00038387
0.001930366	0.000383702
0.001928415	0.000383535
0.001926464	0.000383367
0.001924512	0.000383201
0.001922561	0.000383034
0.00192061	0.000382867
0.001918658	0.000382701
0.001916707	0.000382535
0.001914755	0.000382369
0.001912804	0.000382204
0.001910853	0.000382038
0.001908902	0.000381873
0.00190695	0.000381708
0.001904999	0.000381543
0.001903048	0.000381379
0.001901097	0.000381214
0.001899146	0.00038105
0.001897194	0.000380886
0.001895243	0.000380722
0.001893292	0.000380559
0.001891341	0.000380395
0.001889389	0.000380232
0.001887438	0.000380069
0.001885487	0.000379906
0.001883535	0.000379743
0.001881584	0.000379581
0.001879633	0.000379418
0.001877682	0.000379256
0.001875731	0.000379094
0.001873779	0.000378933
0.001871828	0.000378771
0.001869877	0.00037861
0.001867926	0.000378449
0.001865974	0.000378288
0.001864023	0.000378127
0.001862072	0.000377967
0.001860121	0.000377806
0.00185817	0.000377646
0.001856218	0.000377486
0.001854267	0.000377327
0.001852316	0.000377167
0.001850364	0.000377008
0.001848413	0.000376848
0.001846462	0.00037669
0.001844511	0.000376531
0.00184256	0.000376372
0.001840608	0.000376214
0.001838657	0.000376056
0.001836706	0.000375898
0.001834755	0.00037574
0.001832803	0.000375582
0.001830852	0.000375425
0.001828901	0.000375268
0.00182695	0.000375111
0.001824998	0.000374954
0.001823047	0.000374797
0.001821096	0.000374641
0.001819145	0.000374484
0.001817193	0.000374328
0.001815242	0.000374172
0.001813291	0.000374017
0.00181134	0.000373861
0.001809388	0.000373706
0.001807437	0.000373551
0.001805486	0.000373396
0.001803535	0.000373241
0.001801584	0.000373087
0.001799632	0.000372933
0.001797681	0.000372779
0.00179573	0.000372625
0.001793779	0.000372471
0.001791827	0.000372317
0.001789876	0.000372164
0.001787925	0.000372011
0.001785974	0.000371858
0.001784022	0.000371705
0.001782071	0.000371553
0.00178012	0.0003714
0.001778169	0.000371248
0.001776218	0.000371096
0.001774266	0.000370944
0.001772315	0.000370793
0.001770364	0.000370642
0.001768413	0.00037049
0.001766461	0.000370339
0.00176451	0.000370189
0.001762559	0.000370038
0.001760607	0.000369888
0.001758656	0.000369737
0.001756705	0.000369587
0.001754754	0.000369438
0.001752803	0.000369288
0.001750851	0.000369138
0.0017489	0.000368989
0.001746949	0.00036884
0.001744998	0.000368691
0.001743046	0.000368543
0.001741095	0.000368394
0.001739144	0.000368246
0.001737193	0.000368098
0.001735242	0.00036795
0.00173329	0.000367802
0.001731339	0.000367655
0.001729388	0.000367508
0.001727436	0.00036736
0.001725485	0.000367214
0.001723534	0.000367067
0.001721583	0.00036692
0.001719631	0.000366774
0.00171768	0.000366628
0.001715729	0.000366482
0.001713778	0.000366336
0.001711827	0.000366191
0.001709875	0.000366045
0.001707924	0.0003659
0.001705973	0.000365755
0.001704022	0.000365611
0.00170207	0.000365466
0.001700119	0.000365322
0.001698168	0.000365177
0.001696217	0.000365033
0.001694265	0.00036489
0.001692314	0.000364746
0.001690363	0.000364603
0.001688412	0.000364459
0.00168646	0.000364316
0.001684509	0.000364174
0.001682558	0.000364031
0.001680607	0.000363889
0.001678656	0.000363746
0.001676704	0.000363604
0.001674753	0.000363462
0.001672802	0.000363321
0.001670851	0.000363179
0.001668899	0.000363038
0.001666948	0.000362897
0.001664997	0.000362756
0.001663046	0.000362616
0.001661094	0.000362475
0.001659143	0.000362335
0.001657192	0.000362195
0.001655241	0.000362055
0.00165329	0.000361915
0.001651338	0.000361776
0.001649387	0.000361636
0.001647436	0.000361497
0.001645485	0.000361358
0.001643533	0.00036122
0.001641582	0.000361081
0.001639631	0.000360943
0.00163768	0.000360805
0.001635728	0.000360667
0.001633777	0.000360529
0.001631826	0.000360391
0.001629875	0.000360254
0.001627923	0.000360117
0.001625972	0.00035998
0.001624021	0.000359843
0.00162207	0.000359706
0.001620119	0.00035957
0.001618167	0.000359434
0.001616216	0.000359298
0.001614265	0.000359162
0.001612314	0.000359026
0.001610362	0.000358891
0.001608411	0.000358756
0.00160646	0.000358621
0.001604508	0.000358486
0.001602557	0.000358351
0.001600606	0.000358217
0.001598655	0.000358083
0.001596703	0.000357949
0.001594752	0.000357815
0.001592801	0.000357681
0.00159085	0.000357548
0.001588899	0.000357414
0.001586947	0.000357281
0.001584996	0.000357148
0.001583045	0.000357016
0.001581094	0.000356883
0.001579142	0.000356751
0.001577191	0.000356619
0.00157524	0.000356487
0.001573289	0.000356355
0.001571337	0.000356224
0.001569386	0.000356092
0.001567435	0.000355961
0.001565484	0.00035583
0.001563532	0.000355699
0.001561581	0.000355569
0.00155963	0.000355439
0.001557679	0.000355308
0.001555728	0.000355178
0.001553776	0.000355049
0.001551825	0.000354919
0.001549874	0.00035479
0.001547923	0.00035466
0.001545971	0.000354531
0.00154402	0.000354403
0.001542069	0.000354274
0.001540118	0.000354146
0.001538166	0.000354017
0.001536215	0.000353889
0.001534264	0.000353762
0.001532313	0.000353634
0.001530362	0.000353507
0.00152841	0.000353379
0.001526459	0.000353252
0.001524508	0.000353125
0.001522557	0.000352999
0.001520605	0.000352872
0.001518654	0.000352746
0.001516703	0.00035262
0.001514752	0.000352494
0.0015128	0.000352368
0.001510849	0.000352243
0.001508898	0.000352118
0.001506946	0.000351993
0.001504995	0.000351868
0.001503044	0.000351743
0.001501093	0.000351618
0.001499142	0.000351494
0.00149719	0.00035137
0.001495239	0.000351246
0.001493288	0.000351122
0.001491337	0.000350999
0.001489385	0.000350875
0.001487434	0.000350752
0.001485483	0.000350629
0.001483532	0.000350507
0.001481581	0.000350384
0.001479629	0.000350262
0.001477678	0.000350139
0.001475727	0.000350017
0.001473776	0.000349896
0.001471824	0.000349774
0.001469873	0.000349653
0.001467922	0.000349531
0.00146597	0.00034941
0.001464019	0.00034929
0.001462068	0.000349169
0.001460117	0.000349049
0.001458165	0.000348928
0.001456214	0.000348808
0.001454263	0.000348688
0.001452312	0.000348569
0.00145036	0.000348449
0.001448409	0.00034833
0.001446458	0.00034821
0.001444507	0.000348091
0.001442555	0.000347972
0.001440604	0.000347854
0.001438653	0.000347735
0.001436702	0.000347617
0.00143475	0.000347499
0.001432799	0.000347381
0.001430848	0.000347263
0.001428896	0.000347145
0.001426945	0.000347028
0.001424994	0.000346911
0.001423043	0.000346793
0.001421091	0.000346677
0.00141914	0.00034656
0.001417189	0.000346443
0.001415238	0.000346327
0.001413286	0.000346211
0.001411335	0.000346095
0.001409384	0.000345979
0.001407432	0.000345863
0.001405481	0.000345747
0.00140353	0.000345632
0.001401579	0.000345517
0.001399627	0.000345402
0.001397676	0.000345287
0.001395725	0.000345172
0.001393774	0.000345058
0.001391822	0.000344944
0.001389871	0.00034483
0.00138792	0.000344716
0.001385969	0.000344602
0.001384017	0.000344488
0.001382066	0.000344375
0.001380115	0.000344262
0.001378163	0.000344149
0.001376212	0.000344036
0.001374261	0.000343923
0.00137231	0.00034381
0.001370358	0.000343698
0.001368407	0.000343586
0.001366456	0.000343474
0.001364505	0.000343362
0.001362553	0.00034325
0.001360602	0.000343139
0.001358651	0.000343028
0.001356699	0.000342917
0.001354748	0.000342806
0.001352797	0.000342695
0.001350846	0.000342584
0.001348894	0.000342474
0.001346943	0.000342364
0.001344992	0.000342254
0.001343041	0.000342144
0.001341089	0.000342034
0.001339138	0.000341924
0.001337187	0.000341815
0.001335235	0.000341706
0.001333284	0.000341597
0.001331333	0.000341488
0.001329382	0.000341379
0.00132743	0.000341271
0.001325479	0.000341163
0.001323528	0.000341054
0.001321577	0.000340946
0.001319625	0.000340839
0.001317674	0.000340731
0.001315723	0.000340624
0.001313772	0.000340516
0.00131182	0.000340409
0.001309869	0.000340302
0.001307918	0.000340195
0.001305967	0.000340088
0.001304016	0.000339982
0.001302064	0.000339876
0.001300113	0.000339769
0.001298162	0.000339663
0.00129621	0.000339557
0.001294259	0.000339452
0.001292308	0.000339346
0.001290357	0.00033924
0.001288405	0.000339135
0.001286454	0.00033903
0.001284503	0.000338925
0.001282552	0.00033882
0.0012806	0.000338716
0.001278649	0.000338611
0.001276698	0.000338507
0.001274747	0.000338402
0.001272795	0.000338298
0.001270844	0.000338194
0.001268893	0.000338091
0.001266941	0.000337987
0.00126499	0.000337884
0.001263039	0.00033778
0.001261088	0.000337677
0.001259137	0.000337574
0.001257185	0.000337472
0.001255234	0.000337369
0.001253283	0.000337266
0.001251332	0.000337164
0.00124938	0.000337062
0.001247429	0.00033696
0.001245478	0.000336858
0.001243527	0.000336756
0.001241575	0.000336655
0.001239624	0.000336553
0.001237673	0.000336452
0.001235721	0.000336351
0.00123377	0.00033625
0.001231819	0.000336149
0.001229868	0.000336049
0.001227917	0.000335948
0.001225965	0.000335848
0.001224014	0.000335748
0.001222063	0.000335648
0.001220112	0.000335548
0.00121816	0.000335448
0.001216209	0.000335349
0.001214258	0.000335249
0.001212306	0.00033515
0.001210355	0.000335051
0.001208404	0.000334952
0.001206453	0.000334854
0.001204501	0.000334755
0.00120255	0.000334657
0.001200599	0.000334558
0.001198648	0.00033446
0.001196696	0.000334362
0.001194745	0.000334264
0.001192794	0.000334167
0.001190843	0.000334069
0.001188892	0.000333972
0.00118694	0.000333875
0.001184989	0.000333778
0.001183037	0.000333681
0.001181086	0.000333584
0.001179135	0.000333487
0.001177184	0.000333391
0.001175233	0.000333295
0.001173281	0.000333199
0.00117133	0.000333103
0.001169379	0.000333007
0.001167428	0.000332911
0.001165476	0.000332816
0.001163525	0.000332721
0.001161574	0.000332625
0.001159623	0.00033253
0.001157671	0.000332436
0.00115572	0.000332341
0.001153769	0.000332246
0.001151817	0.000332152
0.001149866	0.000332058
0.001147915	0.000331964
0.001145964	0.00033187
0.001144012	0.000331776
0.001142061	0.000331683
0.00114011	0.000331589
0.001138159	0.000331496
0.001136208	0.000331403
0.001134256	0.00033131
0.001132305	0.000331217
0.001130354	0.000331124
0.001128402	0.000331032
0.001126451	0.000330939
0.0011245	0.000330847
0.001122549	0.000330755
0.001120597	0.000330663
0.001118646	0.000330572
0.001116695	0.00033048
0.001114744	0.000330389
0.001112792	0.000330297
0.001110841	0.000330206
0.00110889	0.000330115
0.001106939	0.000330025
0.001104988	0.000329934
0.001103036	0.000329843
0.001101085	0.000329753
0.001099134	0.000329663
0.001097182	0.000329573
0.001095231	0.000329483
0.00109328	0.000329393
0.001091329	0.000329304
0.001089377	0.000329214
0.001087426	0.000329125
0.001085475	0.000329036
0.001083524	0.000328947
0.001081573	0.000328859
0.001079621	0.00032877
0.00107767	0.000328682
0.001075718	0.000328593
0.001073767	0.000328505
0.001071816	0.000328417
0.001069865	0.000328329
0.001067914	0.000328242
0.001065962	0.000328154
0.001064011	0.000328067
0.00106206	0.00032798
0.001060109	0.000327893
0.001058157	0.000327806
0.001056206	0.000327719
0.001054255	0.000327632
0.001052304	0.000327546
0.001050352	0.00032746
0.001048401	0.000327374
0.00104645	0.000327288
0.001044498	0.000327202
0.001042547	0.000327116
0.001040596	0.000327031
0.001038645	0.000326945
0.001036693	0.00032686
0.001034742	0.000326775
0.001032791	0.00032669
0.00103084	0.000326606
0.001028889	0.000326521
0.001026937	0.000326437
0.001024986	0.000326353
0.001023035	0.000326268
0.001021084	0.000326185
0.001019132	0.000326101
0.001017181	0.000326017
0.00101523	0.000325934
0.001013278	0.00032585
0.001011327	0.000325767
0.001009376	0.000325684
0.001007425	0.000325602
0.001005473	0.000325519
0.001003522	0.000325436
0.001001571	0.000325354
0.00099962	0.000325272
0.000997669	0.00032519
0.000995717	0.000325108
0.000993766	0.000325026
0.000991814	0.000324945
0.000989863	0.000324863
0.000987912	0.000324782
0.000985961	0.000324701
0.00098401	0.00032462
0.000982058	0.000324539
0.000980107	0.000324458
0.000978156	0.000324378
0.000976205	0.000324298
0.000974253	0.000324217
0.000972302	0.000324137
0.000970351	0.000324058
0.0009684	0.000323978
0.000966448	0.000323898
0.000964497	0.000323819
0.000962546	0.00032374
0.000960595	0.000323661
0.000958643	0.000323582
0.000956692	0.000323503
0.000954741	0.000323424
0.00095279	0.000323346
0.000950838	0.000323268
0.000948887	0.000323189
0.000946936	0.000323111
0.000944985	0.000323034
0.000943033	0.000322956
0.000941082	0.000322878
0.000939131	0.000322801
0.000937179	0.000322724
0.000935228	0.000322647
0.000933277	0.00032257
0.000931326	0.000322493
0.000929374	0.000322417
0.000927423	0.00032234
0.000925472	0.000322264
0.000923521	0.000322188
0.00092157	0.000322112
0.000919618	0.000322036
0.000917667	0.00032196
0.000915716	0.000321885
0.000913765	0.00032181
0.000911813	0.000321734
0.000909862	0.000321659
0.000907911	0.000321584
0.000905959	0.00032151
0.000904008	0.000321435
0.000902057	0.000321361
0.000900106	0.000321287
0.000898154	0.000321212
0.000896203	0.000321139
0.000894252	0.000321065
0.000892301	0.000320991
0.000890349	0.000320918
0.000888398	0.000320844
0.000886447	0.000320771
0.000884496	0.000320698
0.000882544	0.000320625
0.000880593	0.000320553
0.000878642	0.00032048
0.000876691	0.000320408
0.000874739	0.000320336
0.000872788	0.000320264
0.000870837	0.000320192
0.000868886	0.00032012
0.000866934	0.000320048
0.000864983	0.000319977
0.000863032	0.000319906
0.000861081	0.000319835
0.00085913	0.000319764
0.000857178	0.000319693
0.000855227	0.000319622
0.000853275	0.000319552
0.000851324	0.000319481
0.000849373	0.000319411
0.000847422	0.000319341
0.000845471	0.000319271
0.000843519	0.000319202
0.000841568	0.000319132
0.000839617	0.000319063
0.000837666	0.000318993
0.000835714	0.000318924
0.000833763	0.000318855
0.000831812	0.000318787
0.000829861	0.000318718
0.000827909	0.000318649
0.000825958	0.000318581
0.000824007	0.000318513
0.000822055	0.000318445
0.000820104	0.000318377
0.000818153	0.000318309
0.000816202	0.000318242
0.00081425	0.000318175
0.000812299	0.000318107
0.000810348	0.00031804
0.000808397	0.000317973
0.000806446	0.000317907
0.000804494	0.00031784
0.000802543	0.000317774
0.000800592	0.000317707
0.000798641	0.000317641
0.000796689	0.000317575
0.000794738	0.000317509
0.000792787	0.000317444
0.000790835	0.000317378
0.000788884	0.000317313
0.000786933	0.000317248
0.000784982	0.000317183
0.00078303	0.000317118
0.000781079	0.000317053
0.000779128	0.000316989
0.000777177	0.000316924
0.000775226	0.00031686
0.000773274	0.000316796
0.000771323	0.000316732
0.000769371	0.000316668
0.00076742	0.000316604
0.000765469	0.000316541
0.000763518	0.000316478
0.000761567	0.000316415
0.000759615	0.000316352
0.000757664	0.000316289
0.000755713	0.000316226
0.000753762	0.000316163
0.00075181	0.000316101
0.000749859	0.000316039
0.000747908	0.000315977
0.000745957	0.000315915
0.000744005	0.000315853
0.000742054	0.000315792
0.000740103	0.00031573
0.000738151	0.000315669
0.0007362	0.000315608
0.000734249	0.000315547
0.000732298	0.000315486
0.000730347	0.000315425
0.000728395	0.000315365
0.000726444	0.000315304
0.000724493	0.000315244
0.000722542	0.000315184
0.00072059	0.000315124
0.000718639	0.000315065
0.000716688	0.000315005
0.000714736	0.000314946
0.000712785	0.000314886
0.000710834	0.000314827
0.000708883	0.000314768
0.000706931	0.00031471
0.00070498	0.000314651
0.000703029	0.000314592
0.000701078	0.000314534
0.000699127	0.000314476
0.000697175	0.000314418
0.000695224	0.00031436
0.000693273	0.000314302
0.000691322	0.000314245
0.00068937	0.000314187
0.000687419	0.00031413
0.000685468	0.000314073
0.000683516	0.000314016
0.000681565	0.00031396
0.000679614	0.000313903
0.000677663	0.000313846
0.000675711	0.00031379
0.00067376	0.000313734
0.000671809	0.000313678
0.000669858	0.000313622
0.000667906	0.000313567
0.000665955	0.000313511
0.000664004	0.000313456
0.000662053	0.0003134
0.000660101	0.000313345
0.00065815	0.000313291
0.000656199	0.000313236
0.000654247	0.000313181
0.000652296	0.000313127
0.000650345	0.000313073
0.000648394	0.000313018
0.000646443	0.000312965
0.000644491	0.000312911
0.00064254	0.000312857
0.000640589	0.000312804
0.000638638	0.00031275
0.000636686	0.000312697
0.000634735	0.000312644
0.000632784	0.000312591
0.000630832	0.000312539
0.000628881	0.000312486
0.00062693	0.000312434
0.000624979	0.000312381
0.000623027	0.000312329
0.000621076	0.000312277
0.000619125	0.000312226
0.000617174	0.000312174
0.000615223	0.000312123
0.000613271	0.000312071
0.00061132	0.00031202
0.000609369	0.000311969
0.000607417	0.000311918
0.000605466	0.000311868
0.000603515	0.000311817
0.000601564	0.000311767
0.000599612	0.000311717
0.000597661	0.000311667
0.00059571	0.000311617
0.000593759	0.000311567
0.000591808	0.000311517
0.000589856	0.000311468
0.000587905	0.000311419
0.000585954	0.00031137
0.000584003	0.000311321
0.000582051	0.000311272
0.0005801	0.000311223
0.000578149	0.000311175
0.000576197	0.000311126
0.000574246	0.000311078
0.000572295	0.00031103
0.000570344	0.000310982
0.000568392	0.000310935
0.000566441	0.000310887
0.00056449	0.00031084
0.000562539	0.000310792
0.000560587	0.000310745
0.000558636	0.000310698
0.000556685	0.000310652
0.000554734	0.000310605
0.000552783	0.000310559
0.000550831	0.000310512
0.00054888	0.000310466
0.000546928	0.00031042
0.000544977	0.000310374
0.000543026	0.000310329
0.000541075	0.000310283
0.000539124	0.000310238
0.000537172	0.000310193
0.000535221	0.000310148
0.00053327	0.000310103
0.000531319	0.000310058
0.000529367	0.000310013
0.000527416	0.000309969
0.000525465	0.000309925
0.000523514	0.000309881
0.000521563	0.000309837
0.000519612	0.000309793
0.00051766	0.00030975
0.000515709	0.000309707
0.000513758	0.000309663
0.000511807	0.00030962
0.000509855	0.000309578
0.000507904	0.000309535
0.000505953	0.000309493
0.000504002	0.00030945
0.00050205	0.000309408
0.000500099	0.000309366
0.000498148	0.000309324
0.000496196	0.000309283
0.000494245	0.000309241
0.000492294	0.0003092
0.000490343	0.000309159
0.000488391	0.000309118
0.00048644	0.000309077
0.000484489	0.000309037
0.000482538	0.000308996
0.000480587	0.000308956
0.000478636	0.000308916
0.000476684	0.000308876
0.000474733	0.000308836
0.000472782	0.000308797
0.000470831	0.000308757
0.000468879	0.000308718
0.000466928	0.000308679
0.000464977	0.00030864
0.000463026	0.000308601
0.000461074	0.000308563
0.000459123	0.000308524
0.000457172	0.000308486
0.000455221	0.000308448
0.00045327	0.00030841
0.000451318	0.000308373
0.000449367	0.000308335
0.000447416	0.000308298
0.000445465	0.000308261
0.000443513	0.000308224
0.000441562	0.000308187
0.000439611	0.00030815
0.00043766	0.000308114
0.000435708	0.000308077
0.000433757	0.000308041
0.000431806	0.000308005
0.000429855	0.000307969
0.000427904	0.000307934
0.000425952	0.000307898
0.000424001	0.000307863
0.00042205	0.000307828
0.000420099	0.000307793
0.000418147	0.000307758
0.000416196	0.000307724
0.000414244	0.00030769
0.000412294	0.000307656
0.000410342	0.000307622
0.000408391	0.000307588
0.000406439	0.000307555
0.000404488	0.000307522
0.000402537	0.000307489
0.000400586	0.000307456
0.000398634	0.000307423
0.000396683	0.000307391
0.000394732	0.000307358
0.00039278	0.000307326
0.000390829	0.000307295
0.000388878	0.000307263
0.000386927	0.000307232
0.000384975	0.0003072
0.000383024	0.000307169
0.000381073	0.000307138
0.000379122	0.000307108
0.00037717	0.000307077
0.000375219	0.000307047
0.000373268	0.000307017
0.000371317	0.000306987
0.000369365	0.000306958
0.000367414	0.000306928
0.000365463	0.000306899
0.000363511	0.00030687
0.00036156	0.000306841
0.000359609	0.000306813
0.000357658	0.000306784
0.000355706	0.000306756
0.000353755	0.000306728
0.000351804	0.0003067
0.000349853	0.000306672
0.000347901	0.000306645
0.00034595	0.000306618
0.000343999	0.00030659
0.000342048	0.000306564
0.000340096	0.000306537
0.000338145	0.00030651
0.000336194	0.000306484
0.000334243	0.000306458
0.000332292	0.000306432
0.00033034	0.000306406
0.000328389	0.00030638
0.000326438	0.000306355
0.000324486	0.00030633
0.000322535	0.000306305
0.000320584	0.00030628
0.000318633	0.000306255
0.000316681	0.00030623
0.00031473	0.000306206
0.000312779	0.000306182
0.000310828	0.000306158
0.000308876	0.000306134
0.000306925	0.000306111
0.000304974	0.000306087
0.000303022	0.000306064
0.000301071	0.000306041
0.00029912	0.000306018
0.000297169	0.000305996
0.000295217	0.000305973
0.000293266	0.000305951
0.000291315	0.000305929
0.000289364	0.000305907
0.000287412	0.000305885
0.000285461	0.000305864
0.00028351	0.000305842
0.000281559	0.000305821
0.000279607	0.0003058
0.000277656	0.000305779
0.000275705	0.000305759
0.000273754	0.000305738
0.000271802	0.000305718
0.000269851	0.000305698
0.0002679	0.000305678
0.000265948	0.000305658
0.000263997	0.000305639
0.000262046	0.00030562
0.000260095	0.000305601
0.000258144	0.000305582
0.000256192	0.000305563
0.000254241	0.000305544
0.00025229	0.000305526
0.000250339	0.000305508
0.000248387	0.00030549
0.000246436	0.000305472
0.000244485	0.000305454
0.000242534	0.000305437
0.000240582	0.00030542
0.000238631	0.000305403
0.00023668	0.000305386
0.000234729	0.000305369
0.000232777	0.000305352
0.000230826	0.000305336
0.000228875	0.00030532
0.000226924	0.000305304
0.000224972	0.000305288
0.000223021	0.000305273
0.00022107	0.000305257
0.000219118	0.000305242
0.000217167	0.000305227
0.000215216	0.000305212
0.000213265	0.000305197
0.000211313	0.000305183
0.000209362	0.000305169
0.000207411	0.000305155
0.000205459	0.000305141
0.000203508	0.000305127
0.000201557	0.000305113
0.000199606	0.0003051
0.000197654	0.000305087
0.000195703	0.000305074
0.000193752	0.000305061
0.000191801	0.000305048
0.00018985	0.000305036
0.000187898	0.000305024
0.000185947	0.000305012
0.000183996	0.000305
0.000182045	0.000304988
0.000180093	0.000304977
0.000178142	0.000304965
0.000176191	0.000304954
0.000174239	0.000304943
0.000172288	0.000304932
0.000170337	0.000304922
0.000168386	0.000304912
0.000166434	0.000304901
0.000164483	0.000304891
0.000162532	0.000304881
0.000160581	0.000304872
0.000158629	0.000304862
0.000156678	0.000304853
0.000154727	0.000304844
0.000152776	0.000304835
0.000150824	0.000304826
0.000148873	0.000304818
0.000146922	0.00030481
0.000144971	0.000304801
0.00014302	0.000304793
0.000141068	0.000304786
0.000139117	0.000304778
0.000137166	0.000304771
0.000135214	0.000304763
0.000133263	0.000304756
0.000131312	0.000304749
0.000129361	0.000304743
0.000127409	0.000304736
0.000125458	0.00030473
0.000123507	0.000304724
0.000121556	0.000304718
0.000119604	0.000304712
0.000117653	0.000304707
0.000115701	0.000304701
0.00011375	0.000304696
0.000111799	0.000304691
0.000109848	0.000304687
0.000107896	0.000304682
0.000105945	0.000304678
0.000103994	0.000304674
0.000102043	0.00030467
0.000100092	0.000304667
9.81405E-05	0.000304663
9.61894E-05	0.00030466
9.42382E-05	0.000304657
9.22869E-05	0.000304655
9.03357E-05	0.000304652
8.83845E-05	0.00030465
8.64331E-05	0.000304648
0.000084482	0.000304646
0.000082531	0.000304645
8.05798E-05	0.000304644
7.86284E-05	0.000304643
7.66772E-05	0.000304642
7.47261E-05	0.000304641
7.27746E-05	0.000304641
7.08236E-05	0.000304641