1	1	1
1	2	-0.015559
1	3	0.077464
1	4	0.107641
1	5	0.185423
1	6	0.078833
1	7	0.16647
1	8	0.24264
1	9	0.138659
1	10	0.146471
1	11	0.145892
1	12	0.033997
1	13	0.029126
1	14	0.156111
1	15	0.077814
1	16	0.111245
1	17	0.173074
1	18	0.225948
1	19	0.09616
1	20	0.198747
1	21	0.07942
1	22	0.139686
1	23	0.181891
1	24	0.171594
1	25	0.063158
1	26	0.117615
1	27	0.216725
1	28	0.101669
1	29	0.00064
1	30	0.166905
1	31	0.173087
1	32	0.063908
1	33	0.213663
1	34	0.125824
1	35	0.033137
1	36	0.192352
1	37	0.023163
1	38	0.092726
1	39	0.170609
1	40	0.079081
1	41	0.133558
1	42	0.174971
1	43	0.13435
1	44	0.043168
1	45	0.168756
1	46	0.134229
1	47	0.147208
1	48	0.116961
1	49	0.113952
1	50	0.094395
1	51	0.098197
1	52	0.118677
1	53	0.219105
1	54	0.188166
1	55	0.100666
1	56	0.090567
1	57	0.186753
1	58	0.052257
1	59	0.154296
1	60	0.148053
1	61	0.211307
1	62	0.142047
1	63	0.245755
1	64	0.030526
1	65	0.161551
1	66	0.20323
1	67	0.208599
1	68	0.063567
1	69	0.116702
1	70	0.21703
1	71	0.072131
1	72	0.231933
1	73	0.090902
1	74	0.17658
1	75	0.253707
1	76	0.099676
1	77	0.132846
1	78	0.074925
1	79	0.134051
1	80	0.034185
1	81	0.084805
1	82	0.152472
1	83	0.190422
1	84	0.13537
1	85	0.12451
2	2	1
2	3	-0.001211
2	4	0.07034
2	5	0.126141
2	6	0.084393
2	7	0.116401
2	8	0.130787
2	9	0.252165
2	10	0.056541
2	11	0.161012
2	12	0.102252
2	13	0.043835
2	14	0.151377
2	15	0.152469
2	16	0.005286
2	17	0.161547
2	18	0.137608
2	19	0.004562
2	20	0.161346
2	21	0.112349
2	22	0.151737
2	23	0.073863
2	24	0.131255
2	25	0.081965
2	26	0.112122
2	27	0.115298
2	28	0.074885
2	29	0.015804
2	30	0.138502
2	31	0.171605
2	32	0.082885
2	33	0.138362
2	34	0.052291
2	35	0.03875
2	36	0.016034
2	37	0.015832
2	38	0.063205
2	39	-0.003104
2	40	0.163988
2	41	0.175923
2	42	0.056308
2	43	0.092476
2	44	0.108516
2	45	-0.014148
2	46	0.097719
2	47	0.138889
2	48	0.101044
2	49	-0.017416
2	50	0.09384
2	51	-0.000604
2	52	0.050959
2	53	0.177573
2	54	0.071765
2	55	0.044708
2	56	0.079609
2	57	0.072881
2	58	0.167552
2	59	-0.019272
2	60	0.07246
2	61	0.088853
2	62	-0.028395
2	63	0.068365
2	64	0.014507
2	65	-0.006069
2	66	-0.036254
2	67	0.102299
2	68	0.05474
2	69	0.169461
2	70	0.110508
2	71	0.033651
2	72	0.097021
2	73	0.102313
2	74	0.128832
2	75	0.128606
2	76	0.055451
2	77	0.110503
2	78	0.11651
2	79	0.192657
2	80	0.005925
2	81	0.03933
2	82	0.117846
2	83	0.037077
2	84	0.110217
2	85	0.051193
3	3	1
3	4	0.095553
3	5	0.203792
3	6	0.123146
3	7	0.183146
3	8	0.101989
3	9	0.175438
3	10	0.131686
3	11	0.176747
3	12	-0.031341
3	13	0.035302
3	14	0.216756
3	15	0.261402
3	16	0.195852
3	17	0.209947
3	18	0.153377
3	19	0.063362
3	20	0.129797
3	21	0.246834
3	22	0.165258
3	23	0.225224
3	24	0.219078
3	25	0.158654
3	26	0.058078
3	27	0.185395
3	28	0.213851
3	29	0.100993
3	30	0.170583
3	31	0.183163
3	32	0.064086
3	33	0.124756
3	34	0.205285
3	35	0.213379
3	36	0.0566
3	37	0.203424
3	38	0.139706
3	39	0.188984
3	40	0.221428
3	41	0.158191
3	42	0.127614
3	43	0.1331
3	44	0.128774
3	45	0.146725
3	46	0.202938
3	47	0.118651
3	48	0.136401
3	49	0.005709
3	50	0.192153
3	51	0.153329
3	52	0.268855
3	53	0.207162
3	54	0.230514
3	55	0.107179
3	56	0.207179
3	57	0.06473
3	58	0.160061
3	59	0.10405
3	60	0.164397
3	61	0.117746
3	62	0.025763
3	63	0.058324
3	64	0.115634
3	65	0.152641
3	66	0.289959
3	67	0.072975
3	68	0.170353
3	69	0.152752
3	70	0.100482
3	71	0.148769
3	72	0.154483
3	73	0.104289
3	74	0.143408
3	75	0.127127
3	76	0.101245
3	77	0.280875
3	78	0.279919
3	79	0.162892
3	80	0.049592
3	81	0.218194
3	82	0.276298
3	83	0.200549
3	84	0.249166
3	85	0.128552
4	4	1
4	5	0.231769
4	6	0.123046
4	7	0.175768
4	8	0.311905
4	9	0.367738
4	10	0.154743
4	11	0.24383
4	12	-0.044414
4	13	0.059038
4	14	0.231371
4	15	0.296047
4	16	0.15202
4	17	0.20415
4	18	0.12367
4	19	0.060294
4	20	0.123681
4	21	0.213609
4	22	0.26277
4	23	0.200075
4	24	0.30675
4	25	0.215754
4	26	0.203313
4	27	0.347342
4	28	0.234426
4	29	0.096998
4	30	0.21278
4	31	0.229741
4	32	0.141358
4	33	0.298051
4	34	0.180033
4	35	0.139453
4	36	0.234656
4	37	0.143721
4	38	0.181873
4	39	0.220777
4	40	0.251685
4	41	0.245477
4	42	0.235448
4	43	0.295016
4	44	0.077542
4	45	0.277211
4	46	0.233401
4	47	0.237683
4	48	0.163501
4	49	0.003791
4	50	0.195885
4	51	0.194695
4	52	0.20283
4	53	0.369858
4	54	0.18692
4	55	0.09676
4	56	0.120274
4	57	0.230722
4	58	0.043633
4	59	0.129487
4	60	0.15134
4	61	0.327504
4	62	0.179061
4	63	0.311987
4	64	0.100023
4	65	0.253757
4	66	0.180771
4	67	0.377549
4	68	0.180706
4	69	0.157108
4	70	0.323182
4	71	0.141503
4	72	0.196942
4	73	0.110378
4	74	0.253143
4	75	0.374138
4	76	0.203313
4	77	0.208371
4	78	0.104928
4	79	0.269069
4	80	0.142249
4	81	0.27748
4	82	0.15908
4	83	0.235974
4	84	0.253832
4	85	0.149845
5	5	1
5	6	0.256162
5	7	0.225345
5	8	0.275951
5	9	0.494749
5	10	0.216737
5	11	0.408982
5	12	0.136739
5	13	0.180574
5	14	0.332701
5	15	0.4979
5	16	0.315056
5	17	0.403852
5	18	0.206394
5	19	0.169137
5	20	0.214821
5	21	0.350533
5	22	0.496624
5	23	0.273618
5	24	0.530459
5	25	0.273804
5	26	0.219094
5	27	0.298157
5	28	0.599338
5	29	0.156555
5	30	0.501556
5	31	0.536322
5	32	0.173737
5	33	0.225232
5	34	0.171614
5	35	0.165337
5	36	0.20755
5	37	0.294808
5	38	0.235884
5	39	0.288531
5	40	0.474141
5	41	0.47348
5	42	0.298656
5	43	0.267164
5	44	0.191792
5	45	0.281159
5	46	0.507369
5	47	0.429285
5	48	0.312027
5	49	0.10019
5	50	0.361827
5	51	0.241033
5	52	0.330188
5	53	0.444851
5	54	0.38067
5	55	0.238762
5	56	0.27532
5	57	0.213301
5	58	0.258524
5	59	0.142657
5	60	0.310381
5	61	0.390018
5	62	0.116142
5	63	0.298069
5	64	0.173045
5	65	0.265819
5	66	0.364402
5	67	0.201584
5	68	0.239434
5	69	0.426095
5	70	0.397458
5	71	0.239426
5	72	0.273712
5	73	0.226283
5	74	0.430011
5	75	0.417083
5	76	0.285569
5	77	0.334571
5	78	0.176095
5	79	0.503806
5	80	0.189226
5	81	0.435823
5	82	0.207144
5	83	0.167406
5	84	0.584479
5	85	0.200682
6	6	1
6	7	0.210651
6	8	0.110315
6	9	0.236537
6	10	0.203127
6	11	0.205379
6	12	-0.007962
6	13	0.182409
6	14	0.208852
6	15	0.2215
6	16	0.163479
6	17	0.16433
6	18	0.145619
6	19	0.074206
6	20	0.264382
6	21	0.210271
6	22	0.126888
6	23	0.204499
6	24	0.179813
6	25	0.157859
6	26	0.246145
6	27	0.204731
6	28	0.175541
6	29	0.033728
6	30	0.222361
6	31	0.143726
6	32	0.066143
6	33	0.135121
6	34	0.153489
6	35	0.141146
6	36	0.132614
6	37	0.12865
6	38	0.011113
6	39	0.185474
6	40	0.171557
6	41	0.141149
6	42	0.226289
6	43	0.124048
6	44	0.116868
6	45	0.180907
6	46	0.131191
6	47	0.115389
6	48	0.121952
6	49	0.11176
6	50	0.287007
6	51	0.267041
6	52	0.20638
6	53	0.198306
6	54	0.089369
6	55	0.1362
6	56	0.157404
6	57	0.194741
6	58	0.192533
6	59	0.042969
6	60	0.177265
6	61	0.11575
6	62	0.20457
6	63	0.108972
6	64	0.326844
6	65	0.13967
6	66	0.240911
6	67	0.118873
6	68	0.045133
6	69	0.092989
6	70	0.132038
6	71	0.156035
6	72	0.175636
6	73	0.100838
6	74	0.139619
6	75	0.189967
6	76	0.147909
6	77	0.129334
6	78	0.160957
6	79	0.237023
6	80	0.045462
6	81	0.142134
6	82	0.110848
6	83	0.193194
6	84	0.13757
6	85	0.189994
7	7	1
7	8	0.130846
7	9	0.258657
7	10	0.185631
7	11	0.226101
7	12	0.00943
7	13	0.114677
7	14	0.181882
7	15	0.225441
7	16	0.133246
7	17	0.223952
7	18	0.175459
7	19	0.115306
7	20	0.33577
7	21	0.291584
7	22	0.170277
7	23	0.23065
7	24	0.252027
7	25	0.189324
7	26	0.234995
7	27	0.249309
7	28	0.224488
7	29	0.087728
7	30	0.253012
7	31	0.300968
7	32	0.101123
7	33	0.218734
7	34	0.134526
7	35	0.193919
7	36	0.170352
7	37	0.160259
7	38	0.120525
7	39	0.263022
7	40	0.290616
7	41	0.228817
7	42	0.205046
7	43	0.159493
7	44	0.15211
7	45	0.150022
7	46	0.198522
7	47	0.222487
7	48	0.137816
7	49	0.030457
7	50	0.328048
7	51	0.118634
7	52	0.251645
7	53	0.250832
7	54	0.186327
7	55	0.023488
7	56	0.172127
7	57	0.199338
7	58	0.196899
7	59	0.187718
7	60	0.122111
7	61	0.199894
7	62	0.067773
7	63	0.141522
7	64	0.241926
7	65	0.138961
7	66	0.249204
7	67	0.149739
7	68	0.21239
7	69	0.248862
7	70	0.192229
7	71	0.137515
7	72	0.182011
7	73	0.028732
7	74	0.290497
7	75	0.209436
7	76	0.101671
7	77	0.211045
7	78	0.192843
7	79	0.275891
7	80	0.12569
7	81	0.208153
7	82	0.144364
7	83	0.210999
7	84	0.202986
7	85	0.196303
8	8	1
8	9	0.434456
8	10	0.147744
8	11	0.276686
8	12	0.035362
8	13	0.037966
8	14	0.217999
8	15	0.39494
8	16	0.126899
8	17	0.317031
8	18	0.154616
8	19	0.129044
8	20	0.178351
8	21	0.166017
8	22	0.41
8	23	0.100402
8	24	0.405394
8	25	0.113699
8	26	0.158428
8	27	0.418634
8	28	0.190522
8	29	0.079481
8	30	0.367431
8	31	0.314112
8	32	0.120454
8	33	0.323506
8	34	0.126468
8	35	0.159851
8	36	0.133845
8	37	0.188664
8	38	0.107571
8	39	0.280666
8	40	0.437458
8	41	0.372166
8	42	0.208252
8	43	0.307221
8	44	0.190944
8	45	0.197667
8	46	0.348442
8	47	0.331761
8	48	0.087972
8	49	0.075016
8	50	0.261663
8	51	0.128902
8	52	0.260949
8	53	0.604626
8	54	0.355997
8	55	0.084841
8	56	0.140726
8	57	0.357056
8	58	0.059256
8	59	0.147742
8	60	0.171952
8	61	0.613716
8	62	-0.002417
8	63	0.773551
8	64	0.063418
8	65	0.103849
8	66	0.215857
8	67	0.528321
8	68	0.185704
8	69	0.39765
8	70	0.658048
8	71	0.195065
8	72	0.158077
8	73	0.158588
8	74	0.362638
8	75	0.699712
8	76	0.196859
8	77	0.355847
8	78	0.099123
8	79	0.333995
8	80	-0.008494
8	81	0.187578
8	82	0.102732
8	83	0.284364
8	84	0.345559
8	85	0.097373
9	9	1
9	10	0.187909
9	11	0.5247
9	12	0.091944
9	13	0.133902
9	14	0.343124
9	15	0.604351
9	16	0.240646
9	17	0.467567
9	18	0.220452
9	19	0.188676
9	20	0.327636
9	21	0.458492
9	22	0.621869
9	23	0.311335
9	24	0.645161
9	25	0.332568
9	26	0.31696
9	27	0.439641
9	28	0.446951
9	29	0.163276
9	30	0.553999
9	31	0.57459
9	32	0.236976
9	33	0.289782
9	34	0.192095
9	35	0.212431
9	36	0.250869
9	37	0.305113
9	38	0.248002
9	39	0.242459
9	40	0.529961
9	41	0.571248
9	42	0.241489
9	43	0.31446
9	44	0.251879
9	45	0.31977
9	46	0.55251
9	47	0.507575
9	48	0.288726
9	49	0.09424
9	50	0.299903
9	51	0.177673
9	52	0.325588
9	53	0.659146
9	54	0.456016
9	55	0.184516
9	56	0.255876
9	57	0.288852
9	58	0.266652
9	59	0.188109
9	60	0.245441
9	61	0.521495
9	62	0.198813
9	63	0.481284
9	64	0.17095
9	65	0.272129
9	66	0.375506
9	67	0.404756
9	68	0.289728
9	69	0.543543
9	70	0.521011
9	71	0.249118
9	72	0.274195
9	73	0.336893
9	74	0.53978
9	75	0.587974
9	76	0.311934
9	77	0.439233
9	78	0.118077
9	79	0.590157
9	80	0.11381
9	81	0.474692
9	82	0.190521
9	83	0.265776
9	84	0.568671
9	85	0.183613
10	10	1
10	11	0.192593
10	12	-0.064839
10	13	0.042458
10	14	0.194193
10	15	0.170405
10	16	0.230136
10	17	0.241875
10	18	0.158776
10	19	0.113657
10	20	0.194586
10	21	0.18088
10	22	0.174107
10	23	0.136975
10	24	0.199776
10	25	0.11512
10	26	0.190232
10	27	0.235035
10	28	0.231576
10	29	0.107403
10	30	0.197156
10	31	0.250556
10	32	-0.021017
10	33	0.060531
10	34	0.164359
10	35	0.069059
10	36	0.088512
10	37	0.197944
10	38	0.087656
10	39	0.199725
10	40	0.202524
10	41	0.171621
10	42	0.099366
10	43	0.24119
10	44	0.12606
10	45	0.209957
10	46	0.255832
10	47	0.125152
10	48	0.072178
10	49	0.021696
10	50	0.249205
10	51	0.219055
10	52	0.295529
10	53	0.244576
10	54	0.236674
10	55	0.120713
10	56	0.071057
10	57	0.188156
10	58	0.095804
10	59	0.112174
10	60	0.060096
10	61	0.124999
10	62	0.139326
10	63	0.134219
10	64	0.196578
10	65	0.150623
10	66	0.106104
10	67	0.181044
10	68	0.246629
10	69	0.117119
10	70	0.184054
10	71	0.024974
10	72	0.030873
10	73	0.017218
10	74	0.24251
10	75	0.184845
10	76	0.172429
10	77	0.09048
10	78	0.192517
10	79	0.179834
10	80	0.09396
10	81	0.17389
10	82	0.136315
10	83	0.1849
10	84	0.212207
10	85	0.105064
11	11	1
11	12	0.145606
11	13	0.091946
11	14	0.24314
11	15	0.481398
11	16	0.261348
11	17	0.304041
11	18	0.257673
11	19	0.290993
11	20	0.280261
11	21	0.409775
11	22	0.483525
11	23	0.361918
11	24	0.646926
11	25	0.408103
11	26	0.247196
11	27	0.283964
11	28	0.525032
11	29	0.153357
11	30	0.475267
11	31	0.452861
11	32	0.122201
11	33	0.293762
11	34	0.141909
11	35	0.15198
11	36	0.276516
11	37	0.349634
11	38	0.232433
11	39	0.206235
11	40	0.355205
11	41	0.556171
11	42	0.071837
11	43	0.252477
11	44	0.272499
11	45	0.290655
11	46	0.522452
11	47	0.371767
11	48	0.31079
11	49	0.071977
11	50	0.343876
11	51	0.214423
11	52	0.364747
11	53	0.435085
11	54	0.470776
11	55	0.211438
11	56	0.179168
11	57	0.23597
11	58	0.273527
11	59	0.232616
11	60	0.2249
11	61	0.394086
11	62	0.13422
11	63	0.26892
11	64	0.156029
11	65	0.268389
11	66	0.389219
11	67	0.282959
11	68	0.247273
11	69	0.430547
11	70	0.303956
11	71	0.1821
11	72	0.224325
11	73	0.260038
11	74	0.441615
11	75	0.422403
11	76	0.285496
11	77	0.410406
11	78	0.124737
11	79	0.411194
11	80	0.193753
11	81	0.515328
11	82	0.212181
11	83	0.226689
11	84	0.51369
11	85	0.205423
12	12	1
12	13	0.011177
12	14	0.128242
12	15	0.145568
12	16	0.124539
12	17	0.063637
12	18	0.009533
12	19	-0.024821
12	20	-0.002852
12	21	0.122114
12	22	0.122902
12	23	0.09778
12	24	0.159848
12	25	0.131354
12	26	0.122991
12	27	0.033368
12	28	-0.023503
12	29	0.225565
12	30	0.136487
12	31	0.111645
12	32	0.147558
12	33	-0.002204
12	34	-0.037078
12	35	0.067567
12	36	0.070428
12	37	0.120868
12	38	0.133414
12	39	0.04591
12	40	0.105903
12	41	0.161771
12	42	0.043616
12	43	0.073826
12	44	0.069533
12	45	0.126621
12	46	0.06368
12	47	0.054596
12	48	0.128919
12	49	0.0434
12	50	0.048453
12	51	-0.066737
12	52	0.047398
12	53	0.067946
12	54	0.063059
12	55	0.123191
12	56	0.169219
12	57	0.044336
12	58	0.141584
12	59	0.110421
12	60	0.046816
12	61	0.065244
12	62	0.000807
12	63	0.033011
12	64	-0.008368
12	65	0.042492
12	66	0.147522
12	67	0.018679
12	68	0.129406
12	69	0.162082
12	70	0.063737
12	71	0.013188
12	72	0.035969
12	73	0.163034
12	74	0.0689
12	75	0.125989
12	76	0.018841
12	77	0.077345
12	78	0.001221
12	79	0.112441
12	80	0.024778
12	81	0.018742
12	82	0.174939
12	83	0.062511
12	84	0.164952
12	85	-0.001847
13	13	1
13	14	0.113483
13	15	0.147708
13	16	0.126921
13	17	0.106468
13	18	0.031733
13	19	0.047541
13	20	0.205939
13	21	0.122564
13	22	0.090759
13	23	0.161297
13	24	0.200807
13	25	0.152545
13	26	0.140425
13	27	0.000546
13	28	0.218201
13	29	0.085154
13	30	0.071308
13	31	0.041087
13	32	0.114168
13	33	0.059417
13	34	-0.034204
13	35	0.05872
13	36	0.127994
13	37	0.190159
13	38	0.03335
13	39	0.009893
13	40	0.098464
13	41	0.098073
13	42	0.105125
13	43	0.043744
13	44	0.124538
13	45	0.101252
13	46	0.118152
13	47	0.144206
13	48	0.130917
13	49	0.145606
13	50	0.036139
13	51	0.106438
13	52	-0.019727
13	53	0.104088
13	54	0.083218
13	55	0.144707
13	56	0.04726
13	57	-0.001766
13	58	0.072642
13	59	0.037067
13	60	0.097864
13	61	0.009485
13	62	0.069037
13	63	0.037077
13	64	0.05475
13	65	0.113821
13	66	0.17384
13	67	0.036894
13	68	0.041707
13	69	0.052675
13	70	-0.002897
13	71	0.122464
13	72	0.118397
13	73	0.126553
13	74	0.134102
13	75	0.043857
13	76	0.101946
13	77	0.073536
13	78	0.003668
13	79	0.185937
13	80	0.191713
13	81	0.083709
13	82	-0.009979
13	83	0.114396
13	84	0.065494
13	85	0.123886
14	14	1
14	15	0.311028
14	16	0.197902
14	17	0.467325
14	18	0.137517
14	19	0.168667
14	20	0.163882
14	21	0.272512
14	22	0.331455
14	23	0.153067
14	24	0.266184
14	25	0.205407
14	26	0.167757
14	27	0.297702
14	28	0.214541
14	29	0.170945
14	30	0.28808
14	31	0.271482
14	32	0.168868
14	33	0.226312
14	34	0.043061
14	35	0.258649
14	36	0.047659
14	37	0.211333
14	38	0.12731
14	39	0.161596
14	40	0.225712
14	41	0.198563
14	42	0.288466
14	43	0.162167
14	44	0.185659
14	45	0.259715
14	46	0.253677
14	47	0.290535
14	48	0.136795
14	49	0.02869
14	50	0.209861
14	51	0.129458
14	52	0.247991
14	53	0.346751
14	54	0.297632
14	55	0.192053
14	56	0.248744
14	57	0.165446
14	58	0.21528
14	59	0.145991
14	60	0.050497
14	61	0.173907
14	62	0.125765
14	63	0.206617
14	64	0.25595
14	65	0.17125
14	66	0.246106
14	67	0.130028
14	68	0.231568
14	69	0.299348
14	70	0.293071
14	71	0.220257
14	72	0.063548
14	73	0.231858
14	74	0.266242
14	75	0.300433
14	76	0.217516
14	77	0.20837
14	78	0.163659
14	79	0.280084
14	80	-0.087007
14	81	0.239414
14	82	0.206236
14	83	0.190281
14	84	0.247228
14	85	0.200189
15	15	1
15	16	0.231983
15	17	0.425786
15	18	0.2728
15	19	0.194556
15	20	0.268686
15	21	0.376838
15	22	0.605618
15	23	0.281909
15	24	0.599542
15	25	0.331243
15	26	0.331754
15	27	0.410602
15	28	0.485695
15	29	0.136453
15	30	0.533969
15	31	0.510716
15	32	0.200584
15	33	0.270641
15	34	0.129689
15	35	0.230843
15	36	0.218464
15	37	0.259792
15	38	0.225048
15	39	0.26676
15	40	0.641455
15	41	0.508133
15	42	0.223226
15	43	0.216874
15	44	0.224998
15	45	0.290109
15	46	0.546226
15	47	0.469241
15	48	0.260248
15	49	0.101093
15	50	0.328426
15	51	0.170727
15	52	0.346177
15	53	0.590759
15	54	0.45715
15	55	0.198913
15	56	0.262887
15	57	0.249887
15	58	0.302573
15	59	0.237567
15	60	0.26346
15	61	0.499438
15	62	0.032996
15	63	0.371313
15	64	0.145796
15	65	0.235585
15	66	0.348895
15	67	0.293612
15	68	0.210469
15	69	0.534207
15	70	0.457435
15	71	0.194149
15	72	0.213442
15	73	0.387287
15	74	0.489306
15	75	0.487225
15	76	0.256297
15	77	0.371333
15	78	0.185821
15	79	0.507807
15	80	0.131172
15	81	0.465724
15	82	0.214919
15	83	0.283108
15	84	0.485509
15	85	0.293641
16	16	1
16	17	0.164469
16	18	0.197877
16	19	0.081866
16	20	0.145329
16	21	0.317772
16	22	0.196475
16	23	0.197609
16	24	0.260666
16	25	0.286016
16	26	0.219784
16	27	0.114189
16	28	0.366344
16	29	0.169242
16	30	0.239129
16	31	0.29097
16	32	0.173883
16	33	0.076512
16	34	0.060325
16	35	0.152898
16	36	0.161069
16	37	0.185222
16	38	0.128458
16	39	0.170611
16	40	0.219082
16	41	0.173506
16	42	0.113982
16	43	0.170813
16	44	0.317817
16	45	0.104907
16	46	0.322704
16	47	0.130718
16	48	0.23615
16	49	0.075081
16	50	0.26719
16	51	0.205848
16	52	0.312853
16	53	0.195635
16	54	0.16662
16	55	0.265776
16	56	0.112279
16	57	0.107541
16	58	0.227386
16	59	0.183883
16	60	0.081982
16	61	0.107964
16	62	0.108579
16	63	0.145928
16	64	0.10343
16	65	0.148208
16	66	0.243683
16	67	0.056558
16	68	0.132834
16	69	0.12601
16	70	0.123392
16	71	0.069707
16	72	0.070071
16	73	0.064173
16	74	0.185005
16	75	0.158126
16	76	0.173891
16	77	0.244208
16	78	0.108808
16	79	0.220137
16	80	0.230575
16	81	0.257088
16	82	0.057881
16	83	0.167241
16	84	0.347248
16	85	0.157298
17	17	1
17	18	0.215422
17	19	0.196252
17	20	0.240074
17	21	0.296485
17	22	0.483245
17	23	0.228298
17	24	0.381085
17	25	0.179305
17	26	0.165206
17	27	0.381652
17	28	0.29619
17	29	0.131457
17	30	0.387209
17	31	0.402373
17	32	0.239143
17	33	0.161843
17	34	0.115172
17	35	0.215637
17	36	0.155041
17	37	0.142284
17	38	0.190796
17	39	0.286581
17	40	0.431378
17	41	0.370145
17	42	0.260061
17	43	0.175798
17	44	0.13695
17	45	0.290621
17	46	0.430756
17	47	0.378871
17	48	0.239151
17	49	0.029608
17	50	0.291498
17	51	0.209045
17	52	0.267008
17	53	0.479229
17	54	0.398851
17	55	0.182521
17	56	0.245644
17	57	0.275943
17	58	0.162636
17	59	0.164057
17	60	0.187928
17	61	0.391852
17	62	0.088538
17	63	0.297826
17	64	0.168799
17	65	0.308283
17	66	0.320586
17	67	0.267214
17	68	0.236971
17	69	0.351404
17	70	0.406718
17	71	0.191831
17	72	0.140523
17	73	0.267258
17	74	0.43883
17	75	0.41502
17	76	0.293528
17	77	0.280047
17	78	0.147839
17	79	0.409651
17	80	0.026525
17	81	0.322386
17	82	0.226361
17	83	0.219371
17	84	0.400078
17	85	0.151978
18	18	1
18	19	0.147074
18	20	0.192465
18	21	0.114904
18	22	0.286229
18	23	0.115431
18	24	0.316046
18	25	0.104198
18	26	0.134134
18	27	0.314506
18	28	0.161912
18	29	0.134078
18	30	0.238919
18	31	0.28366
18	32	0.064115
18	33	0.237429
18	34	0.071188
18	35	0.159853
18	36	0.133106
18	37	0.146612
18	38	0.150012
18	39	0.129296
18	40	0.168726
18	41	0.238374
18	42	0.108379
18	43	0.180818
18	44	0.127785
18	45	0.141853
18	46	0.181106
18	47	0.170836
18	48	0.080934
18	49	-0.009472
18	50	0.183548
18	51	0.154445
18	52	0.152726
18	53	0.32612
18	54	0.219108
18	55	0.128849
18	56	0.13748
18	57	0.147711
18	58	0.174618
18	59	0.16308
18	60	0.152524
18	61	0.140243
18	62	0.10784
18	63	0.136238
18	64	0.128208
18	65	0.142992
18	66	0.167776
18	67	0.146945
18	68	0.171765
18	69	0.253882
18	70	0.20772
18	71	0.160649
18	72	0.1724
18	73	0.169205
18	74	0.125408
18	75	0.189383
18	76	0.140076
18	77	0.161949
18	78	0.129448
18	79	0.169163
18	80	0.134151
18	81	0.147139
18	82	0.137604
18	83	0.255827
18	84	0.182654
18	85	0.146992
19	19	1
19	20	0.212082
19	21	0.179002
19	22	0.171265
19	23	0.169615
19	24	0.319207
19	25	0.122188
19	26	0.158917
19	27	0.098422
19	28	0.201119
19	29	0.082944
19	30	0.171646
19	31	0.246896
19	32	0.015121
19	33	0.157854
19	34	0.054863
19	35	-0.032649
19	36	0.18794
19	37	0.120363
19	38	0.088567
19	39	0.024353
19	40	0.115133
19	41	0.248362
19	42	0.090478
19	43	0.062995
19	44	0.115634
19	45	0.242483
19	46	0.148655
19	47	0.189856
19	48	0.094181
19	49	0.134216
19	50	0.094596
19	51	0.055536
19	52	0.134344
19	53	0.182764
19	54	0.251448
19	55	0.169208
19	56	0.051817
19	57	0.128492
19	58	0.057826
19	59	0.048197
19	60	0.143074
19	61	0.137122
19	62	0.033199
19	63	0.089033
19	64	0.175125
19	65	0.171659
19	66	0.245288
19	67	0.067503
19	68	0.127392
19	69	0.183028
19	70	0.15381
19	71	0.165672
19	72	0.093299
19	73	0.104948
19	74	0.182912
19	75	0.182473
19	76	0.144384
19	77	0.192722
19	78	0.126342
19	79	0.117319
19	80	0.086407
19	81	0.211975
19	82	0.101976
19	83	0.12624
19	84	0.17934
19	85	0.019206
20	20	1
20	21	0.323271
20	22	0.237712
20	23	0.295764
20	24	0.301419
20	25	0.2058
20	26	0.224074
20	27	0.194272
20	28	0.287352
20	29	0.168615
20	30	0.273772
20	31	0.273156
20	32	0.149564
20	33	0.249877
20	34	0.241165
20	35	0.110242
20	36	0.16571
20	37	0.112685
20	38	0.133796
20	39	0.227283
20	40	0.202033
20	41	0.222536
20	42	0.21526
20	43	0.154124
20	44	0.196059
20	45	0.173097
20	46	0.331164
20	47	0.197342
20	48	0.177611
20	49	0.077686
20	50	0.236994
20	51	0.189011
20	52	0.208457
20	53	0.294439
20	54	0.22629
20	55	0.08865
20	56	0.136175
20	57	0.295477
20	58	0.251917
20	59	0.192335
20	60	0.175664
20	61	0.189531
20	62	0.114123
20	63	0.167459
20	64	0.146439
20	65	0.165442
20	66	0.269105
20	67	0.200593
20	68	0.243583
20	69	0.193961
20	70	0.16464
20	71	0.190656
20	72	0.189701
20	73	0.143395
20	74	0.27129
20	75	0.255798
20	76	0.246297
20	77	0.194061
20	78	0.11132
20	79	0.339325
20	80	0.023084
20	81	0.150814
20	82	0.113175
20	83	0.196331
20	84	0.209434
20	85	0.186285
21	21	1
21	22	0.375866
21	23	0.29025
21	24	0.432254
21	25	0.403259
21	26	0.25997
21	27	0.219734
21	28	0.402064
21	29	0.132253
21	30	0.388422
21	31	0.462866
21	32	0.219623
21	33	0.219879
21	34	0.200149
21	35	0.152234
21	36	0.216583
21	37	0.35729
21	38	0.135509
21	39	0.233103
21	40	0.336232
21	41	0.409947
21	42	0.257454
21	43	0.231419
21	44	0.284724
21	45	0.262214
21	46	0.512194
21	47	0.332256
21	48	0.305446
21	49	0.026939
21	50	0.333476
21	51	0.205351
21	52	0.315692
21	53	0.366358
21	54	0.375957
21	55	0.194405
21	56	0.217114
21	57	0.163935
21	58	0.381397
21	59	0.131422
21	60	0.187191
21	61	0.288842
21	62	0.146613
21	63	0.177432
21	64	0.194129
21	65	0.327226
21	66	0.326687
21	67	0.105792
21	68	0.211941
21	69	0.36051
21	70	0.238328
21	71	0.218402
21	72	0.125125
21	73	0.211202
21	74	0.469385
21	75	0.307477
21	76	0.209257
21	77	0.296334
21	78	0.169135
21	79	0.418201
21	80	0.136487
21	81	0.403952
21	82	0.147679
21	83	0.294259
21	84	0.442168
21	85	0.199027
22	22	1
22	23	0.303135
22	24	0.622708
22	25	0.346205
22	26	0.284535
22	27	0.405262
22	28	0.464306
22	29	0.188062
22	30	0.763286
22	31	0.513426
22	32	0.22108
22	33	0.237282
22	34	0.098483
22	35	0.206864
22	36	0.240439
22	37	0.371789
22	38	0.225184
22	39	0.241691
22	40	0.529879
22	41	0.596346
22	42	0.219298
22	43	0.220833
22	44	0.293495
22	45	0.280184
22	46	0.506217
22	47	0.545231
22	48	0.30757
22	49	0.095251
22	50	0.285159
22	51	0.225985
22	52	0.293055
22	53	0.598157
22	54	0.502428
22	55	0.134948
22	56	0.199139
22	57	0.200382
22	58	0.21893
22	59	0.230677
22	60	0.261604
22	61	0.471188
22	62	0.145652
22	63	0.385934
22	64	0.160396
22	65	0.218215
22	66	0.362565
22	67	0.327186
22	68	0.230911
22	69	0.756008
22	70	0.435096
22	71	0.334493
22	72	0.180789
22	73	0.455944
22	74	0.59516
22	75	0.458102
22	76	0.303514
22	77	0.445917
22	78	0.167589
22	79	0.511812
22	80	0.077222
22	81	0.516885
22	82	0.193285
22	83	0.25984
22	84	0.578668
22	85	0.230318
23	23	1
23	24	0.387947
23	25	0.306542
23	26	0.23439
23	27	0.162766
23	28	0.214265
23	29	0.072035
23	30	0.325639
23	31	0.315332
23	32	0.116476
23	33	0.162907
23	34	0.198406
23	35	0.107217
23	36	0.271772
23	37	0.294454
23	38	0.318078
23	39	0.104825
23	40	0.293855
23	41	0.324675
23	42	0.205393
23	43	0.268954
23	44	0.274491
23	45	0.173362
23	46	0.311776
23	47	0.199463
23	48	0.207649
23	49	0.065025
23	50	0.239454
23	51	0.234706
23	52	0.274864
23	53	0.213486
23	54	0.311961
23	55	0.160069
23	56	0.16643
23	57	0.161078
23	58	0.243758
23	59	0.086531
23	60	0.131457
23	61	0.104456
23	62	0.192363
23	63	0.155342
23	64	0.212428
23	65	0.274825
23	66	0.314109
23	67	0.146125
23	68	0.274513
23	69	0.312598
23	70	0.181419
23	71	0.183156
23	72	0.155253
23	73	0.126873
23	74	0.21666
23	75	0.274721
23	76	0.232342
23	77	0.288381
23	78	0.051265
23	79	0.356374
23	80	0.161215
23	81	0.322919
23	82	0.160507
23	83	0.219384
23	84	0.307952
23	85	0.151959
24	24	1
24	25	0.344019
24	26	0.318396
24	27	0.348032
24	28	0.5178
24	29	0.172979
24	30	0.612545
24	31	0.617287
24	32	0.161962
24	33	0.264248
24	34	0.155204
24	35	0.164537
24	36	0.254334
24	37	0.377232
24	38	0.244121
24	39	0.239596
24	40	0.524114
24	41	0.702512
24	42	0.169217
24	43	0.257597
24	44	0.230767
24	45	0.363653
24	46	0.543398
24	47	0.472311
24	48	0.320143
24	49	0.091937
24	50	0.361939
24	51	0.203582
24	52	0.336152
24	53	0.601383
24	54	0.507816
24	55	0.259171
24	56	0.202331
24	57	0.26938
24	58	0.324015
24	59	0.192083
24	60	0.291707
24	61	0.476168
24	62	0.130944
24	63	0.383819
24	64	0.141166
24	65	0.305181
24	66	0.491391
24	67	0.311753
24	68	0.30866
24	69	0.609262
24	70	0.460383
24	71	0.246663
24	72	0.249581
24	73	0.304842
24	74	0.52441
24	75	0.528945
24	76	0.321699
24	77	0.470148
24	78	0.18879
24	79	0.549606
24	80	0.150853
24	81	0.527668
24	82	0.227574
24	83	0.342674
24	84	0.626231
24	85	0.228039
25	25	1
25	26	0.299937
25	27	0.08958
25	28	0.345974
25	29	0.167896
25	30	0.298998
25	31	0.381738
25	32	0.128162
25	33	0.210748
25	34	0.195465
25	35	0.14229
25	36	0.256286
25	37	0.237965
25	38	0.183545
25	39	0.150545
25	40	0.253596
25	41	0.361569
25	42	0.143233
25	43	0.240104
25	44	0.243919
25	45	0.167295
25	46	0.369621
25	47	0.186267
25	48	0.284859
25	49	0.014731
25	50	0.267314
25	51	0.112114
25	52	0.242835
25	53	0.235718
25	54	0.282464
25	55	0.178893
25	56	0.100062
25	57	0.134376
25	58	0.237284
25	59	0.120457
25	60	0.121042
25	61	0.211966
25	62	0.118842
25	63	0.1406
25	64	0.023748
25	65	0.344768
25	66	0.277837
25	67	0.150413
25	68	0.236794
25	69	0.264133
25	70	0.129268
25	71	0.1512
25	72	0.104853
25	73	0.173296
25	74	0.334631
25	75	0.229349
25	76	0.160899
25	77	0.269043
25	78	0.098214
25	79	0.347254
25	80	0.036182
25	81	0.380303
25	82	0.222814
25	83	0.140949
25	84	0.416905
25	85	0.167184
26	26	1
26	27	0.136258
26	28	0.195839
26	29	0.021769
26	30	0.282417
26	31	0.30084
26	32	0.129054
26	33	0.121699
26	34	0.15317
26	35	0.09579
26	36	0.188878
26	37	0.185541
26	38	0.144209
26	39	0.186137
26	40	0.253122
26	41	0.228975
26	42	0.285524
26	43	0.20829
26	44	0.212918
26	45	0.141144
26	46	0.260234
26	47	0.259416
26	48	0.155816
26	49	0.038373
26	50	0.209837
26	51	0.213449
26	52	0.207982
26	53	0.193444
26	54	0.258663
26	55	0.098991
26	56	0.181645
26	57	0.185192
26	58	0.308932
26	59	0.095695
26	60	0.19246
26	61	0.194352
26	62	0.171773
26	63	0.169324
26	64	0.142293
26	65	0.292234
26	66	0.229282
26	67	0.066531
26	68	0.166079
26	69	0.300125
26	70	0.173767
26	71	0.165558
26	72	0.141599
26	73	0.178818
26	74	0.220629
26	75	0.19888
26	76	0.102064
26	77	0.245334
26	78	0.124717
26	79	0.335663
26	80	0.051129
26	81	0.194814
26	82	0.109941
26	83	0.164468
26	84	0.261497
26	85	0.121818
27	27	1
27	28	0.236112
27	29	0.1289
27	30	0.367933
27	31	0.327551
27	32	0.15127
27	33	0.35534
27	34	0.091211
27	35	0.207663
27	36	0.167046
27	37	0.245519
27	38	0.122563
27	39	0.190087
27	40	0.385213
27	41	0.320143
27	42	0.13258
27	43	0.142345
27	44	0.155854
27	45	0.197766
27	46	0.336337
27	47	0.336496
27	48	0.175234
27	49	0.079949
27	50	0.227923
27	51	0.183055
27	52	0.198476
27	53	0.628809
27	54	0.347723
27	55	0.173358
27	56	0.291544
27	57	0.212404
27	58	0.168537
27	59	0.182699
27	60	0.242225
27	61	0.40266
27	62	0.1345
27	63	0.377229
27	64	0.224165
27	65	0.107967
27	66	0.175904
27	67	0.319781
27	68	0.164094
27	69	0.382315
27	70	0.506546
27	71	0.21132
27	72	0.134135
27	73	0.179221
27	74	0.374395
27	75	0.465192
27	76	0.201972
27	77	0.205062
27	78	0.088875
27	79	0.290266
27	80	0.042186
27	81	0.248127
27	82	0.210587
27	83	0.376165
27	84	0.290953
27	85	0.131347
28	28	1
28	29	0.155554
28	30	0.497203
28	31	0.448482
28	32	0.134871
28	33	0.236382
28	34	0.162701
28	35	0.139388
28	36	0.184288
28	37	0.278373
28	38	0.188938
28	39	0.176663
28	40	0.425307
28	41	0.452099
28	42	0.141085
28	43	0.182374
28	44	0.247762
28	45	0.238466
28	46	0.528006
28	47	0.352423
28	48	0.280576
28	49	-0.007149
28	50	0.30005
28	51	0.16098
28	52	0.330426
28	53	0.391916
28	54	0.347731
28	55	0.248099
28	56	0.129351
28	57	0.104676
28	58	0.267382
28	59	0.176687
28	60	0.207045
28	61	0.292136
28	62	0.155079
28	63	0.186791
28	64	0.153739
28	65	0.269534
28	66	0.294508
28	67	0.122701
28	68	0.181886
28	69	0.375895
28	70	0.216881
28	71	0.207641
28	72	0.218755
28	73	0.095256
28	74	0.468842
28	75	0.300996
28	76	0.249339
28	77	0.328567
28	78	0.167696
28	79	0.466571
28	80	0.216254
28	81	0.478957
28	82	0.099218
28	83	0.21945
28	84	0.495895
28	85	0.182932
29	29	1
29	30	0.174065
29	31	0.14394
29	32	0.103923
29	33	0.139687
29	34	0.015242
29	35	0.109818
29	36	0.018707
29	37	0.031136
29	38	0.079538
29	39	0.032443
29	40	0.137984
29	41	0.047622
29	42	-0.005653
29	43	0.063988
29	44	0.093569
29	45	0.199123
29	46	0.110792
29	47	0.141861
29	48	0.141808
29	49	0.03412
29	50	0.066462
29	51	0.01699
29	52	0.031746
29	53	0.118928
29	54	0.101556
29	55	0.127605
29	56	0.1165
29	57	0.070425
29	58	0.06662
29	59	0.322363
29	60	0.03067
29	61	0.076934
29	62	0.056107
29	63	0.032991
29	64	-0.024905
29	65	0.088972
29	66	0.144676
29	67	0.051095
29	68	0.231271
29	69	0.21772
29	70	0.103733
29	71	-0.02952
29	72	0.017713
29	73	0.108766
29	74	0.170663
29	75	0.150671
29	76	-0.016736
29	77	0.10647
29	78	-0.009234
29	79	0.09081
29	80	0.075624
29	81	0.078532
29	82	0.057968
29	83	0.042686
29	84	0.185057
29	85	0.13856
30	30	1
30	31	0.511209
30	32	0.240462
30	33	0.178206
30	34	0.125513
30	35	0.215006
30	36	0.217741
30	37	0.316192
30	38	0.261014
30	39	0.260902
30	40	0.472511
30	41	0.600937
30	42	0.212926
30	43	0.154066
30	44	0.272212
30	45	0.291107
30	46	0.500648
30	47	0.50128
30	48	0.345232
30	49	0.105832
30	50	0.297783
30	51	0.207837
30	52	0.30021
30	53	0.498074
30	54	0.465068
30	55	0.213591
30	56	0.256657
30	57	0.209268
30	58	0.290379
30	59	0.198095
30	60	0.287966
30	61	0.409839
30	62	0.177687
30	63	0.33924
30	64	0.17509
30	65	0.201008
30	66	0.352688
30	67	0.223053
30	68	0.224472
30	69	0.734121
30	70	0.388462
30	71	0.265084
30	72	0.127759
30	73	0.367731
30	74	0.566123
30	75	0.41333
30	76	0.283616
30	77	0.404269
30	78	0.204248
30	79	0.47225
30	80	0.132754
30	81	0.481812
30	82	0.189342
30	83	0.285076
30	84	0.531343
30	85	0.226694
31	31	1
31	32	0.181037
31	33	0.25712
31	34	0.208652
31	35	0.141661
31	36	0.294614
31	37	0.243981
31	38	0.262587
31	39	0.294172
31	40	0.528967
31	41	0.537674
31	42	0.240638
31	43	0.269469
31	44	0.267441
31	45	0.27007
31	46	0.521005
31	47	0.434872
31	48	0.227637
31	49	0.046076
31	50	0.362744
31	51	0.21677
31	52	0.414966
31	53	0.48144
31	54	0.431227
31	55	0.195568
31	56	0.254909
31	57	0.263086
31	58	0.240281
31	59	0.203778
31	60	0.242948
31	61	0.391453
31	62	0.123103
31	63	0.341046
31	64	0.179268
31	65	0.394079
31	66	0.370385
31	67	0.300438
31	68	0.284179
31	69	0.513724
31	70	0.403169
31	71	0.297045
31	72	0.180903
31	73	0.366231
31	74	0.444081
31	75	0.467624
31	76	0.29455
31	77	0.412543
31	78	0.23687
31	79	0.48179
31	80	0.143901
31	81	0.492933
31	82	0.241389
31	83	0.214108
31	84	0.638369
31	85	0.227647
32	32	1
32	33	0.135277
32	34	0.037688
32	35	0.118759
32	36	0.121846
32	37	0.119526
32	38	0.098372
32	39	0.096065
32	40	0.139337
32	41	0.172006
32	42	0.170486
32	43	0.122521
32	44	0.209681
32	45	0.080921
32	46	0.15264
32	47	0.192479
32	48	0.166809
32	49	0.119149
32	50	0.080893
32	51	0.0573
32	52	0.137619
32	53	0.186961
32	54	0.162295
32	55	0.054375
32	56	0.12707
32	57	0.037983
32	58	0.082568
32	59	0.185196
32	60	0.091927
32	61	0.177345
32	62	0.064494
32	63	0.139886
32	64	-0.035555
32	65	0.121734
32	66	0.10242
32	67	0.093867
32	68	0.121198
32	69	0.151401
32	70	0.197264
32	71	0.101331
32	72	0.042514
32	73	0.187191
32	74	0.189436
32	75	0.19737
32	76	0.207259
32	77	0.17508
32	78	0.077506
32	79	0.165238
32	80	-0.034977
32	81	0.120627
32	82	0.083777
32	83	0.167976
32	84	0.212441
32	85	0.142008
33	33	1
33	34	0.133569
33	35	0.232243
33	36	0.203198
33	37	0.091273
33	38	0.044296
33	39	0.192861
33	40	0.215471
33	41	0.159234
33	42	0.110176
33	43	0.307444
33	44	0.177053
33	45	0.198004
33	46	0.303433
33	47	0.186583
33	48	0.232613
33	49	0.064326
33	50	0.18517
33	51	0.135981
33	52	0.238232
33	53	0.408309
33	54	0.218789
33	55	0.141416
33	56	0.102116
33	57	0.176774
33	58	0.140555
33	59	0.194248
33	60	0.152623
33	61	0.288021
33	62	0.15437
33	63	0.27766
33	64	0.062543
33	65	0.205807
33	66	0.224067
33	67	0.197052
33	68	0.245431
33	69	0.19023
33	70	0.30945
33	71	0.163721
33	72	0.113663
33	73	0.077192
33	74	0.280962
33	75	0.366199
33	76	0.192272
33	77	0.220486
33	78	0.162
33	79	0.243708
33	80	0.082487
33	81	0.219532
33	82	0.162204
33	83	0.285975
33	84	0.232665
33	85	0.154472
34	34	1
34	35	0.091222
34	36	0.105476
34	37	0.057605
34	38	0.072046
34	39	0.131024
34	40	0.184364
34	41	0.152484
34	42	0.150698
34	43	0.221364
34	44	0.138176
34	45	0.157114
34	46	0.137715
34	47	0.187224
34	48	0.14428
34	49	0.065798
34	50	0.162673
34	51	0.13275
34	52	0.247491
34	53	0.135831
34	54	0.218536
34	55	0.040724
34	56	0.082285
34	57	0.184794
34	58	0.168715
34	59	0.058803
34	60	0.127838
34	61	0.209192
34	62	0.026054
34	63	0.226815
34	64	0.095276
34	65	0.153387
34	66	0.143114
34	67	0.139901
34	68	0.233457
34	69	0.093434
34	70	0.155934
34	71	0.122552
34	72	0.147444
34	73	0.022467
34	74	0.171184
34	75	0.237379
34	76	0.140081
34	77	0.13893
34	78	0.115063
34	79	0.214044
34	80	-0.009272
34	81	0.122866
34	82	0.163589
34	83	0.194583
34	84	0.197029
34	85	0.049007
35	35	1
35	36	0.053453
35	37	0.151787
35	38	0.091924
35	39	0.136574
35	40	0.180816
35	41	0.116688
35	42	0.10913
35	43	0.252706
35	44	0.146833
35	45	0.147776
35	46	0.256068
35	47	0.147766
35	48	0.061944
35	49	0.071853
35	50	0.113894
35	51	-0.014419
35	52	0.117244
35	53	0.239571
35	54	0.0723
35	55	0.066411
35	56	0.185312
35	57	0.202303
35	58	0.158438
35	59	0.133611
35	60	0.061324
35	61	0.19052
35	62	0.055047
35	63	0.087127
35	64	0.055714
35	65	0.161222
35	66	0.140623
35	67	0.13179
35	68	0.220016
35	69	0.147469
35	70	0.179627
35	71	0.115297
35	72	-0.006457
35	73	0.147997
35	74	0.257404
35	75	0.198871
35	76	0.131816
35	77	0.223571
35	78	0.088733
35	79	0.184573
35	80	0.059469
35	81	0.138371
35	82	0.067877
35	83	0.172186
35	84	0.228664
35	85	0.151893
36	36	1
36	37	0.208855
36	38	0.180279
36	39	0.220805
36	40	0.140879
36	41	0.240087
36	42	0.18627
36	43	0.115093
36	44	0.183894
36	45	0.207478
36	46	0.259292
36	47	0.24996
36	48	0.205833
36	49	0.060972
36	50	0.268638
36	51	0.226364
36	52	0.211702
36	53	0.237487
36	54	0.213171
36	55	0.168142
36	56	0.103675
36	57	0.174626
36	58	0.104246
36	59	0.075803
36	60	0.252153
36	61	0.203245
36	62	0.235656
36	63	0.184366
36	64	0.063285
36	65	0.338858
36	66	0.190324
36	67	0.173615
36	68	0.198262
36	69	0.146275
36	70	0.195766
36	71	0.169052
36	72	0.108415
36	73	0.202173
36	74	0.227259
36	75	0.221961
36	76	0.334194
36	77	0.116008
36	78	0.091295
36	79	0.216914
36	80	0.212428
36	81	0.279735
36	82	0.215055
36	83	0.24218
36	84	0.267049
36	85	0.169321
37	37	1
37	38	0.151302
37	39	0.0866
37	40	0.256801
37	41	0.330816
37	42	0.098546
37	43	0.182568
37	44	0.235674
37	45	0.125596
37	46	0.321718
37	47	0.158824
37	48	0.167112
37	49	0.040442
37	50	0.137912
37	51	0.06667
37	52	0.168237
37	53	0.3096
37	54	0.332478
37	55	0.163933
37	56	0.209397
37	57	0.13812
37	58	0.192133
37	59	0.090238
37	60	0.131227
37	61	0.189627
37	62	0.087187
37	63	0.181424
37	64	0.159608
37	65	0.17083
37	66	0.215246
37	67	0.168026
37	68	0.161203
37	69	0.330079
37	70	0.209411
37	71	0.138446
37	72	0.184664
37	73	0.211748
37	74	0.210125
37	75	0.238181
37	76	0.185671
37	77	0.198933
37	78	0.082063
37	79	0.265192
37	80	0.119162
37	81	0.276321
37	82	0.095292
37	83	0.201085
37	84	0.345679
37	85	-0.071777
38	38	1
38	39	0.051478
38	40	0.230839
38	41	0.322618
38	42	0.085026
38	43	0.178674
38	44	0.102237
38	45	0.088081
38	46	0.22227
38	47	0.197011
38	48	0.083083
38	49	0.154375
38	50	0.131101
38	51	-0.018545
38	52	0.128522
38	53	0.171331
38	54	0.256172
38	55	-0.005512
38	56	0.181609
38	57	0.085257
38	58	0.123171
38	59	0.094255
38	60	0.068638
38	61	0.122354
38	62	0.047335
38	63	0.119741
38	64	0.074955
38	65	0.103718
38	66	0.166972
38	67	0.153665
38	68	0.033978
38	69	0.177376
38	70	0.129028
38	71	0.07266
38	72	0.090229
38	73	0.225442
38	74	0.126056
38	75	0.13539
38	76	0.154619
38	77	0.254656
38	78	-0.010498
38	79	0.185699
38	80	-0.047087
38	81	0.189216
38	82	0.081227
38	83	0.024771
38	84	0.307436
38	85	0.058871
39	39	1
39	40	0.285186
39	41	0.192884
39	42	0.268579
39	43	0.262647
39	44	0.076106
39	45	0.195569
39	46	0.234694
39	47	0.189717
39	48	0.053562
39	49	0.050068
39	50	0.493524
39	51	0.227702
39	52	0.46646
39	53	0.268085
39	54	0.216624
39	55	0.158459
39	56	0.169989
39	57	0.344066
39	58	0.143864
39	59	0.177846
39	60	0.103147
39	61	0.33772
39	62	0.105595
39	63	0.298326
39	64	0.14801
39	65	0.294881
39	66	0.253495
39	67	0.282526
39	68	0.172115
39	69	0.179409
39	70	0.336523
39	71	0.123071
39	72	0.178898
39	73	0.188836
39	74	0.268039
39	75	0.34458
39	76	0.232923
39	77	0.190483
39	78	0.221189
39	79	0.250464
39	80	0.04142
39	81	0.188523
39	82	0.168142
39	83	0.130158
39	84	0.283441
39	85	0.128503
40	40	1
40	41	0.478796
40	42	0.206356
40	43	0.297684
40	44	0.223434
40	45	0.222122
40	46	0.413018
40	47	0.457017
40	48	0.135761
40	49	0.055961
40	50	0.331383
40	51	0.134513
40	52	0.351912
40	53	0.597273
40	54	0.469596
40	55	0.175535
40	56	0.149733
40	57	0.284025
40	58	0.190839
40	59	0.222035
40	60	0.28145
40	61	0.43469
40	62	0.062427
40	63	0.421842
40	64	0.12653
40	65	0.17858
40	66	0.280885
40	67	0.333155
40	68	0.206595
40	69	0.488273
40	70	0.482278
40	71	0.186039
40	72	0.208285
40	73	0.287902
40	74	0.463657
40	75	0.517405
40	76	0.229514
40	77	0.377359
40	78	0.195675
40	79	0.480022
40	80	0.0359
40	81	0.466582
40	82	0.220429
40	83	0.227931
40	84	0.489451
40	85	0.203842
41	41	1
41	42	0.177668
41	43	0.270782
41	44	0.161068
41	45	0.247907
41	46	0.526277
41	47	0.408186
41	48	0.325576
41	49	0.056575
41	50	0.316725
41	51	0.170851
41	52	0.290352
41	53	0.525225
41	54	0.453911
41	55	0.189933
41	56	0.229656
41	57	0.242623
41	58	0.171433
41	59	0.172599
41	60	0.284188
41	61	0.4155
41	62	0.153898
41	63	0.344792
41	64	0.200654
41	65	0.195259
41	66	0.432394
41	67	0.294861
41	68	0.21355
41	69	0.559146
41	70	0.393388
41	71	0.263769
41	72	0.216731
41	73	0.32849
41	74	0.537954
41	75	0.438746
41	76	0.233786
41	77	0.356086
41	78	0.192601
41	79	0.518926
41	80	0.115005
41	81	0.486759
41	82	0.192409
41	83	0.273505
41	84	0.5932
41	85	0.210387
42	42	1
42	43	0.260274
42	44	0.129811
42	45	0.235951
42	46	0.237359
42	47	0.204591
42	48	0.188418
42	49	0.062637
42	50	0.270592
42	51	0.310336
42	52	0.284048
42	53	0.228205
42	54	0.170699
42	55	0.049901
42	56	0.211294
42	57	0.251654
42	58	0.126584
42	59	0.039789
42	60	0.139029
42	61	0.242116
42	62	0.130067
42	63	0.288358
42	64	0.270016
42	65	0.233923
42	66	0.237094
42	67	0.264011
42	68	0.237899
42	69	0.236573
42	70	0.270714
42	71	0.163889
42	72	0.156805
42	73	0.129838
42	74	0.150574
42	75	0.26531
42	76	0.282375
42	77	0.185595
42	78	0.187586
42	79	0.2522
42	80	-0.02407
42	81	0.21569
42	82	0.167524
42	83	0.197068
42	84	0.212026
42	85	0.134917
43	43	1
43	44	0.123444
43	45	0.141354
43	46	0.32931
43	47	0.197058
43	48	0.203883
43	49	0.072223
43	50	0.263132
43	51	0.190027
43	52	0.273741
43	53	0.296927
43	54	0.261905
43	55	0.115595
43	56	0.171611
43	57	0.226172
43	58	0.1155
43	59	0.155333
43	60	0.046949
43	61	0.299049
43	62	0.077854
43	63	0.330912
43	64	0.063175
43	65	0.217881
43	66	0.213174
43	67	0.340697
43	68	0.237845
43	69	0.154192
43	70	0.318352
43	71	0.074316
43	72	0.182366
43	73	0.101889
43	74	0.284689
43	75	0.339786
43	76	0.275328
43	77	0.240918
43	78	0.178709
43	79	0.280579
43	80	0.112471
43	81	0.186987
43	82	0.12188
43	83	0.191663
43	84	0.276978
43	85	0.010751
44	44	1
44	45	0.14921
44	46	0.248323
44	47	0.227303
44	48	0.151113
44	49	0.073048
44	50	0.219582
44	51	0.250231
44	52	0.191546
44	53	0.202579
44	54	0.165475
44	55	0.106677
44	56	0.126466
44	57	0.120544
44	58	0.204727
44	59	0.077015
44	60	0.032505
44	61	0.102141
44	62	0.062995
44	63	0.170333
44	64	0.131132
44	65	0.198014
44	66	0.167135
44	67	0.046958
44	68	0.222217
44	69	0.206666
44	70	0.140459
44	71	0.086038
44	72	0.032386
44	73	0.058095
44	74	0.180208
44	75	0.199598
44	76	0.060879
44	77	0.261764
44	78	0.207253
44	79	0.289386
44	80	0.15047
44	81	0.21103
44	82	0.109985
44	83	0.146217
44	84	0.270724
44	85	0.110366
45	45	1
45	46	0.212638
45	47	0.253177
45	48	0.248623
45	49	0.061105
45	50	0.264975
45	51	0.237889
45	52	0.280806
45	53	0.29938
45	54	0.330968
45	55	0.171291
45	56	0.193763
45	57	0.246591
45	58	0.184974
45	59	0.155975
45	60	0.165096
45	61	0.252766
45	62	0.118982
45	63	0.201407
45	64	0.185843
45	65	0.326771
45	66	0.269531
45	67	0.207735
45	68	0.269362
45	69	0.19876
45	70	0.222575
45	71	0.129416
45	72	0.126156
45	73	0.19773
45	74	0.257563
45	75	0.327454
45	76	0.190945
45	77	0.128709
45	78	0.133011
45	79	0.298548
45	80	0.000519
45	81	0.283198
45	82	0.050123
45	83	0.218643
45	84	0.301219
45	85	0.116471
46	46	1
46	47	0.322091
46	48	0.288568
46	49	0.074218
46	50	0.34539
46	51	0.219314
46	52	0.373784
46	53	0.48927
46	54	0.401785
46	55	0.224384
46	56	0.256758
46	57	0.193889
46	58	0.313259
46	59	0.158483
46	60	0.245128
46	61	0.384543
46	62	0.128324
46	63	0.335718
46	64	0.079858
46	65	0.357543
46	66	0.361127
46	67	0.23506
46	68	0.274844
46	69	0.470609
46	70	0.349253
46	71	0.162441
46	72	0.134371
46	73	0.244877
46	74	0.495765
46	75	0.404645
46	76	0.271256
46	77	0.347844
46	78	0.135094
46	79	0.460623
46	80	0.126315
46	81	0.494075
46	82	0.221196
46	83	0.249691
46	84	0.564397
46	85	0.164999
47	47	1
47	48	0.201715
47	49	0.123564
47	50	0.215854
47	51	0.230826
47	52	0.280774
47	53	0.451379
47	54	0.378117
47	55	0.138687
47	56	0.245145
47	57	0.163533
47	58	0.190628
47	59	0.200386
47	60	0.199025
47	61	0.37211
47	62	0.115497
47	63	0.354377
47	64	0.04871
47	65	0.201226
47	66	0.267217
47	67	0.214395
47	68	0.309805
47	69	0.464877
47	70	0.436129
47	71	0.266631
47	72	0.186338
47	73	0.287273
47	74	0.425356
47	75	0.413594
47	76	0.240036
47	77	0.324307
47	78	0.126837
47	79	0.388583
47	80	0.115502
47	81	0.353201
47	82	0.216945
47	83	0.260586
47	84	0.379578
47	85	0.271175
48	48	1
48	49	0.151153
48	50	0.223509
48	51	0.217455
48	52	0.154497
48	53	0.234872
48	54	0.21522
48	55	0.222431
48	56	0.112117
48	57	0.01701
48	58	0.14719
48	59	0.080248
48	60	0.276328
48	61	0.169026
48	62	0.061588
48	63	0.116323
48	64	0.134859
48	65	0.181129
48	66	0.261391
48	67	0.071156
48	68	0.270743
48	69	0.245197
48	70	0.141786
48	71	0.097101
48	72	0.013849
48	73	0.10045
48	74	0.291723
48	75	0.196693
48	76	0.191687
48	77	0.200041
48	78	0.132517
48	79	0.288334
48	80	0.162251
48	81	0.30751
48	82	0.167936
48	83	0.173894
48	84	0.323538
48	85	0.137474
49	49	1
49	50	-0.030121
49	51	-0.00057
49	52	-0.02813
49	53	0.115358
49	54	0.080465
49	55	0.095254
49	56	0.104981
49	57	0.028568
49	58	-0.007453
49	59	0.028221
49	60	0.120885
49	61	0.060642
49	62	-0.046165
49	63	0.098405
49	64	0.018339
49	65	0.027669
49	66	0.103495
49	67	0.061163
49	68	0.029497
49	69	0.035004
49	70	0.120474
49	71	0.059245
49	72	-0.039707
49	73	0.124347
49	74	0.03787
49	75	0.085818
49	76	0.128308
49	77	0.145227
49	78	0.008407
49	79	0.094479
49	80	0.073743
49	81	0.060689
49	82	-0.019642
49	83	0.009135
49	84	0.088723
49	85	0.002035
50	50	1
50	51	0.230197
50	52	0.615589
50	53	0.305029
50	54	0.258055
50	55	0.145418
50	56	0.104719
50	57	0.23209
50	58	0.18164
50	59	0.202265
50	60	0.147692
50	61	0.273273
50	62	0.072801
50	63	0.248706
50	64	0.218502
50	65	0.350485
50	66	0.2972
50	67	0.19333
50	68	0.172152
50	69	0.239933
50	70	0.322862
50	71	0.185256
50	72	0.071337
50	73	0.200689
50	74	0.284536
50	75	0.338174
50	76	0.213304
50	77	0.242879
50	78	0.266912
50	79	0.34206
50	80	0.071022
50	81	0.246811
50	82	0.265995
50	83	0.23668
50	84	0.347622
50	85	0.140665
51	51	1
51	52	0.261318
51	53	0.148303
51	54	0.151899
51	55	0.197166
51	56	0.192989
51	57	0.191633
51	58	0.198211
51	59	0.050617
51	60	0.1271
51	61	0.122111
51	62	0.201527
51	63	0.159593
51	64	0.272698
51	65	0.245148
51	66	0.161049
51	67	0.121979
51	68	0.128298
51	69	0.211894
51	70	0.141945
51	71	0.133985
51	72	0.102646
51	73	0.091055
51	74	0.134096
51	75	0.199446
51	76	0.116117
51	77	0.077547
51	78	0.188256
51	79	0.191785
51	80	0.082524
51	81	0.181807
51	82	0.098356
51	83	0.163401
51	84	0.200072
51	85	0.135787
52	52	1
52	53	0.313444
52	54	0.288469
52	55	0.192836
52	56	0.119379
52	57	0.260586
52	58	0.094364
52	59	0.165873
52	60	0.116036
52	61	0.302435
52	62	0.205884
52	63	0.300372
52	64	0.154616
52	65	0.270061
52	66	0.281072
52	67	0.238758
52	68	0.267671
52	69	0.25408
52	70	0.290954
52	71	0.190694
52	72	0.119884
52	73	0.231487
52	74	0.229677
52	75	0.371234
52	76	0.259366
52	77	0.211183
52	78	0.293771
52	79	0.246518
52	80	0.045105
52	81	0.309243
52	82	0.258137
52	83	0.204493
52	84	0.367998
52	85	0.191378
53	53	1
53	54	0.525008
53	55	0.179032
53	56	0.224399
53	57	0.360079
53	58	0.180063
53	59	0.168567
53	60	0.340358
53	61	0.614259
53	62	0.138245
53	63	0.564476
53	64	0.161456
53	65	0.20084
53	66	0.287133
53	67	0.461117
53	68	0.259216
53	69	0.502807
53	70	0.651997
53	71	0.26227
53	72	0.307419
53	73	0.266846
53	74	0.516836
53	75	0.677759
53	76	0.286409
53	77	0.447771
53	78	0.172457
53	79	0.48778
53	80	0.067759
53	81	0.399069
53	82	0.166944
53	83	0.389535
53	84	0.512721
53	85	0.213991
54	54	1
54	55	0.140647
54	56	0.198082
54	57	0.231502
54	58	0.175142
54	59	0.120491
54	60	0.218075
54	61	0.459529
54	62	0.076893
54	63	0.402814
54	64	0.191369
54	65	0.244731
54	66	0.232782
54	67	0.323366
54	68	0.240632
54	69	0.452021
54	70	0.41915
54	71	0.263086
54	72	0.182753
54	73	0.275573
54	74	0.51064
54	75	0.479387
54	76	0.254022
54	77	0.355562
54	78	0.106408
54	79	0.450051
54	80	0.028931
54	81	0.422933
54	82	0.170315
54	83	0.345926
54	84	0.462199
54	85	0.152988
55	55	1
55	56	0.1572
55	57	0.092908
55	58	0.076094
55	59	0.139516
55	60	0.143035
55	61	0.105529
55	62	0.182643
55	63	0.079002
55	64	0.10687
55	65	0.194415
55	66	0.211534
55	67	0.077447
55	68	0.150228
55	69	0.170636
55	70	0.111493
55	71	0.086996
55	72	0.115742
55	73	0.046572
55	74	0.195844
55	75	0.170281
55	76	0.133702
55	77	0.083087
55	78	0.081498
55	79	0.154123
55	80	0.171458
55	81	0.224901
55	82	0.219198
55	83	0.139005
55	84	0.232481
55	85	0.072067
56	56	1
56	57	0.20718
56	58	0.17922
56	59	0.162319
56	60	0.104159
56	61	0.133702
56	62	0.153159
56	63	0.127343
56	64	0.176202
56	65	0.162932
56	66	0.191325
56	67	0.092917
56	68	0.269143
56	69	0.223475
56	70	0.190021
56	71	0.178579
56	72	0.048078
56	73	0.224413
56	74	0.158335
56	75	0.16808
56	76	0.170116
56	77	0.107616
56	78	0.044868
56	79	0.195957
56	80	-0.013361
56	81	0.115185
56	82	0.162297
56	83	0.075111
56	84	0.177338
56	85	0.168777
57	57	1
57	58	0.145247
57	59	0.150212
57	60	0.089714
57	61	0.404767
57	62	0.158461
57	63	0.403037
57	64	0.151829
57	65	0.112677
57	66	0.188142
57	67	0.390403
57	68	0.263121
57	69	0.153277
57	70	0.381511
57	71	0.213427
57	72	0.213713
57	73	0.147778
57	74	0.184735
57	75	0.429974
57	76	0.201814
57	77	0.211964
57	78	0.142924
57	79	0.234141
57	80	0.039125
57	81	0.166642
57	82	0.108499
57	83	0.209757
57	84	0.272961
57	85	0.093157
58	58	1
58	59	0.104413
58	60	0.069194
58	61	0.130876
58	62	0.038342
58	63	0.062179
58	64	0.11911
58	65	0.225771
58	66	0.238317
58	67	-0.002464
58	68	0.161023
58	69	0.269486
58	70	0.063894
58	71	0.085734
58	72	0.1394
58	73	0.110707
58	74	0.208938
58	75	0.161046
58	76	0.104921
58	77	0.184218
58	78	0.166201
58	79	0.342034
58	80	0.083661
58	81	0.201396
58	82	0.083854
58	83	0.211275
58	84	0.257391
58	85	0.183604
59	59	1
59	60	0.083008
59	61	0.171864
59	62	0.07735
59	63	0.149311
59	64	0.049411
59	65	0.07576
59	66	0.189344
59	67	0.105014
59	68	0.142115
59	69	0.197314
59	70	0.194595
59	71	-0.011475
59	72	0.032392
59	73	0.189763
59	74	0.245859
59	75	0.182717
59	76	0.188857
59	77	0.172609
59	78	0.078347
59	79	0.134543
59	80	0.047827
59	81	0.12303
59	82	0.118401
59	83	0.141075
59	84	0.230932
59	85	0.158632
60	60	1
60	61	0.199533
60	62	0.07104
60	63	0.161861
60	64	0.100182
60	65	0.172978
60	66	0.224382
60	67	0.108354
60	68	0.083856
60	69	0.242728
60	70	0.254068
60	71	0.19434
60	72	0.093844
60	73	0.124357
60	74	0.295816
60	75	0.240145
60	76	0.186547
60	77	0.202122
60	78	0.175581
60	79	0.202568
60	80	0.156687
60	81	0.250285
60	82	0.05579
60	83	0.199252
60	84	0.294809
60	85	0.10521
61	61	1
61	62	0.087913
61	63	0.670542
61	64	0.00444
61	65	0.262001
61	66	0.254803
61	67	0.62994
61	68	0.236631
61	69	0.371052
61	70	0.671974
61	71	0.236428
61	72	0.190293
61	73	0.191067
61	74	0.454686
61	75	0.750353
61	76	0.283431
61	77	0.298061
61	78	0.131887
61	79	0.370713
61	80	0.0637
61	81	0.356474
61	82	0.131942
61	83	0.270871
61	84	0.437369
61	85	0.138435
62	62	1
62	63	0.060493
62	64	0.046102
62	65	0.130636
62	66	0.048899
62	67	0.092563
62	68	0.111645
62	69	0.060096
62	70	0.080765
62	71	0.118336
62	72	0.106088
62	73	0.084098
62	74	0.140868
62	75	0.102182
62	76	0.186982
62	77	0.041148
62	78	-0.011994
62	79	0.108278
62	80	-0.00083
62	81	0.115419
62	82	0.063929
62	83	0.031918
62	84	0.134524
62	85	0.160417
63	63	1
63	64	0.030388
63	65	0.151575
63	66	0.180202
63	67	0.645339
63	68	0.221614
63	69	0.37054
63	70	0.689125
63	71	0.250499
63	72	0.099622
63	73	0.1562
63	74	0.32858
63	75	0.729378
63	76	0.294758
63	77	0.32511
63	78	0.043699
63	79	0.312864
63	80	0.059281
63	81	0.22829
63	82	0.060975
63	83	0.248367
63	84	0.335189
63	85	0.059069
64	64	1
64	65	0.086251
64	66	0.183455
64	67	0.092756
64	68	0.114587
64	69	0.207102
64	70	0.058079
64	71	0.276458
64	72	0.136803
64	73	0.11136
64	74	0.183467
64	75	0.075697
64	76	0.108752
64	77	0.083009
64	78	0.047787
64	79	0.172379
64	80	0.11322
64	81	0.136175
64	82	0.120414
64	83	0.175867
64	84	0.134714
64	85	0.155279
65	65	1
65	66	0.318742
65	67	0.189324
65	68	0.221745
65	69	0.141338
65	70	0.170852
65	71	0.207591
65	72	0.104886
65	73	0.176378
65	74	0.279841
65	75	0.252176
65	76	0.289072
65	77	0.212907
65	78	0.211557
65	79	0.317048
65	80	0.088892
65	81	0.248723
65	82	0.164347
65	83	0.146135
65	84	0.323903
65	85	0.05913
66	66	1
66	67	0.243026
66	68	0.227346
66	69	0.329466
66	70	0.236854
66	71	0.194726
66	72	0.239282
66	73	0.276515
66	74	0.336574
66	75	0.325713
66	76	0.204768
66	77	0.242316
66	78	0.230213
66	79	0.390677
66	80	0.195484
66	81	0.32876
66	82	0.202013
66	83	0.262147
66	84	0.422783
66	85	0.276925
67	67	1
67	68	0.190559
67	69	0.204019
67	70	0.527612
67	71	0.198007
67	72	0.163182
67	73	0.209651
67	74	0.315065
67	75	0.658149
67	76	0.301218
67	77	0.222566
67	78	0.056594
67	79	0.304556
67	80	0.015471
67	81	0.252479
67	82	0.102065
67	83	0.177685
67	84	0.295233
67	85	0.117975
68	68	1
68	69	0.240466
68	70	0.281914
68	71	0.170983
68	72	0.066881
68	73	0.075589
68	74	0.208227
68	75	0.329394
68	76	0.135026
68	77	0.248441
68	78	0.226249
68	79	0.270197
68	80	0.077535
68	81	0.244523
68	82	0.210975
68	83	0.256623
68	84	0.209769
68	85	0.135088
69	69	1
69	70	0.396596
69	71	0.301031
69	72	0.172671
69	73	0.388364
69	74	0.529672
69	75	0.415774
69	76	0.206601
69	77	0.432963
69	78	0.133881
69	79	0.393766
69	80	0.127022
69	81	0.436468
69	82	0.198066
69	83	0.239096
69	84	0.515261
69	85	0.162678
70	70	1
70	71	0.300577
70	72	0.161629
70	73	0.214488
70	74	0.388854
70	75	0.765743
70	76	0.345316
70	77	0.27796
70	78	0.151953
70	79	0.345218
70	80	0.028153
70	81	0.283322
70	82	0.136334
70	83	0.313785
70	84	0.376533
70	85	0.113228
71	71	1
71	72	0.091653
71	73	0.256613
71	74	0.27111
71	75	0.24784
71	76	0.224972
71	77	0.185195
71	78	0.113561
71	79	0.260774
71	80	0.076476
71	81	0.218138
71	82	0.107938
71	83	0.171846
71	84	0.257024
71	85	0.165454
72	72	1
72	73	0.105536
72	74	0.196158
72	75	0.175216
72	76	0.071857
72	77	0.210757
72	78	0.119146
72	79	0.17211
72	80	0.043501
72	81	0.132767
72	82	0.181584
72	83	0.228552
72	84	0.242996
72	85	0.175501
73	73	1
73	74	0.253558
73	75	0.224943
73	76	0.211959
73	77	0.231708
73	78	0.108861
73	79	0.229671
73	80	-0.054044
73	81	0.175774
73	82	0.210656
73	83	0.143978
73	84	0.307886
73	85	0.215558
74	74	1
74	75	0.443233
74	76	0.337586
74	77	0.364606
74	78	0.113598
74	79	0.457171
74	80	0.127919
74	81	0.519245
74	82	0.169988
74	83	0.261792
74	84	0.543054
74	85	0.19496
75	75	1
75	76	0.334819
75	77	0.338341
75	78	0.141694
75	79	0.432995
75	80	0.034616
75	81	0.333168
75	82	0.151468
75	83	0.298618
75	84	0.484152
75	85	0.120812
76	76	1
76	77	0.214121
76	78	0.083711
76	79	0.255869
76	80	0.087558
76	81	0.305809
76	82	0.137213
76	83	0.159829
76	84	0.290179
76	85	0.064121
77	77	1
77	78	0.166327
77	79	0.314647
77	80	0.132357
77	81	0.353601
77	82	0.259628
77	83	0.167781
77	84	0.440673
77	85	0.163633
78	78	1
78	79	0.162017
78	80	0.106363
78	81	0.177743
78	82	0.206815
78	83	0.23179
78	84	0.127738
78	85	0.122079
79	79	1
79	80	0.094581
79	81	0.395719
79	82	0.200559
79	83	0.294484
79	84	0.49059
79	85	0.197946
80	80	1
80	81	0.093776
80	82	-0.017738
80	83	0.091426
80	84	0.156229
80	85	0.065892
81	81	1
81	82	0.209312
81	83	0.253875
81	84	0.571528
81	85	0.161161
82	82	1
82	83	0.185815
82	84	0.179953
82	85	0.192
83	83	1
83	84	0.236215
83	85	0.209678
84	84	1
84	85	0.175823
85	85	1
		
