0.009794	0.009794
0.009790152	0.009790152
0.009786305	0.009786305
0.009782457	0.009782457
0.00977861	0.00977861
0.009774762	0.009774762
0.009770914	0.009770914
0.009767067	0.009767067
0.009763219	0.009763219
0.009759371	0.009759371
0.009755524	0.009755524
0.009751676	0.009751676
0.009747829	0.009747829
0.009743981	0.009743981
0.009740133	0.009740133
0.009736286	0.009736286
0.009732438	0.009732438
0.00972859	0.00972859
0.009724743	0.009724743
0.009720896	0.009720896
0.009717049	0.009717049
0.009713201	0.009713201
0.009709353	0.009709353
0.009705506	0.009705506
0.009701658	0.009701658
0.00969781	0.00969781
0.009693963	0.009693963
0.009690115	0.009690115
0.009686268	0.009686268
0.00968242	0.00968242
0.009678572	0.009678572
0.009674725	0.009674725
0.009670877	0.009670877
0.009667029	0.009667029
0.009663182	0.009663182
0.009659334	0.009659334
0.009655487	0.009655487
0.009651639	0.009651639
0.009647791	0.009647791
0.009643944	0.009643944
0.009640096	0.009640096
0.009636248	0.009636248
0.009632401	0.009632401
0.009628553	0.009628553
0.009624706	0.009624706
0.009620858	0.009620858
0.00961701	0.00961701
0.009613163	0.009613163
0.009609315	0.009609315
0.009605468	0.009605468
0.00960162	0.00960162
0.009597772	0.009597772
0.009593925	0.009593925
0.009590077	0.009590077
0.009586229	0.009586229
0.009582383	0.009582383
0.009578535	0.009578535
0.009574687	0.009574687
0.00957084	0.00957084
0.009566992	0.009566992
0.009563145	0.009563145
0.009559297	0.009559297
0.009555449	0.009555449
0.009551602	0.009551602
0.009547754	0.009547754
0.009543907	0.009543907
0.009540059	0.009540059
0.009536211	0.009536211
0.009532364	0.009532364
0.009528516	0.009528516
0.009524668	0.009524668
0.009520821	0.009520821
0.009516973	0.009516973
0.009513126	0.009513126
0.009509278	0.009509278
0.00950543	0.00950543
0.009501583	0.009501583
0.009497735	0.009497735
0.009493887	0.009493887
0.00949004	0.00949004
0.009486192	0.009486192
0.009482345	0.009482345
0.009478497	0.009478497
0.009474649	0.009474649
0.009470802	0.009470802
0.009466954	0.009466954
0.009463106	0.009463106
0.009459259	0.009459259
0.009455411	0.009455411
0.009451564	0.009451564
0.009447716	0.009447716
0.009443868	0.009443868
0.009440022	0.009440022
0.009436174	0.009436174
0.009432326	0.009432326
0.009428479	0.009428479
0.009424631	0.009424631
0.009420783	0.009420783
0.009416936	0.009416936
0.009413088	0.009413088
0.009409241	0.009409241
0.009405393	0.009405393
0.009401545	0.009401545
0.009397698	0.009397698
0.00939385	0.00939385
0.009390003	0.009390003
0.009386155	0.009386155
0.009382307	0.009382307
0.00937846	0.00937846
0.009374612	0.009374612
0.009370764	0.009370764
0.009366917	0.009366917
0.009363069	0.009363069
0.009359222	0.009359222
0.009355374	0.009355374
0.009351526	0.009351526
0.009347679	0.009347679
0.009343831	0.009343831
0.009339983	0.009339983
0.009336136	0.009336136
0.009332288	0.009332288
0.009328441	0.009328441
0.009324593	0.009324593
0.009320745	0.009320745
0.009316898	0.009316898
0.00931305	0.00931305
0.009309203	0.009309203
0.009305355	0.009305355
0.009301508	0.009301508
0.009297661	0.009297661
0.009293813	0.009293813
0.009289965	0.009289965
0.009286118	0.009286118
0.00928227	0.00928227
0.009278422	0.009278422
0.009274575	0.009274575
0.009270727	0.009270727
0.00926688	0.00926688
0.009263032	0.009263032
0.009259184	0.009259184
0.009255336	0.009255336
0.009251488	0.009251488
0.00924764	0.00924764
0.009243792	0.009243792
0.009239944	0.009239944
0.009236095	0.009236095
0.009232247	0.009232247
0.009228399	0.009228399
0.009224551	0.009224551
0.009220703	0.009220703
0.009216855	0.009216855
0.009213007	0.009213007
0.009209159	0.009209159
0.009205311	0.009205311
0.009201462	0.009201462
0.009197614	0.009197614
0.009193766	0.009193766
0.009189918	0.009189918
0.00918607	0.00918607
0.009182222	0.009182222
0.009178374	0.009178374
0.009174526	0.009174526
0.009170677	0.009170677
0.009166829	0.009166829
0.009162981	0.009162981
0.009159134	0.009159134
0.009155286	0.009155286
0.009151438	0.009151438
0.00914759	0.00914759
0.009143742	0.009143742
0.009139894	0.009139894
0.009136045	0.009136045
0.009132197	0.009132197
0.009128349	0.009128349
0.009124501	0.009124501
0.009120653	0.009120653
0.009116805	0.009116805
0.009112957	0.009112957
0.009109109	0.009109109
0.009105261	0.009105261
0.009101412	0.009101412
0.009097564	0.009097564
0.009093716	0.009093716
0.009089868	0.009089868
0.00908602	0.00908602
0.009082172	0.009082172
0.009078324	0.009078324
0.009074476	0.009074476
0.009070628	0.009070628
0.00906678	0.00906678
0.009062931	0.009062931
0.009059083	0.009059083
0.009055235	0.009055235
0.009051387	0.009051387
0.009047539	0.009047539
0.009043691	0.009043691
0.009039843	0.009039843
0.009035995	0.009035995
0.009032147	0.009032147
0.009028298	0.009028298
0.00902445	0.00902445
0.009020603	0.009020603
0.009016755	0.009016755
0.009012907	0.009012907
0.009009059	0.009009059
0.009005211	0.009005211
0.009001363	0.009001363
0.008997514	0.008997514
0.008993666	0.008993666
0.008989818	0.008989818
0.00898597	0.00898597
0.008982122	0.008982122
0.008978274	0.008978274
0.008974426	0.008974426
0.008970578	0.008970578
0.008966729	0.008966729
0.008962881	0.008962881
0.008959033	0.008959033
0.008955185	0.008955185
0.008951337	0.008951337
0.008947489	0.008947489
0.008943641	0.008943641
0.008939793	0.008939793
0.008935945	0.008935945
0.008932097	0.008932097
0.008928248	0.008928248
0.0089244	0.0089244
0.008920552	0.008920552
0.008916704	0.008916704
0.008912856	0.008912856
0.008909008	0.008909008
0.00890516	0.00890516
0.008901312	0.008901312
0.008897464	0.008897464
0.008893615	0.008893615
0.008889767	0.008889767
0.008885919	0.008885919
0.008882071	0.008882071
0.008878224	0.008878224
0.008874376	0.008874376
0.008870528	0.008870528
0.00886668	0.00886668
0.008862832	0.008862832
0.008858983	0.008858983
0.008855135	0.008855135
0.008851287	0.008851287
0.008847439	0.008847439
0.008843591	0.008843591
0.008839743	0.008839743
0.008835895	0.008835895
0.008832047	0.008832047
0.008828199	0.008828199
0.00882435	0.00882435
0.008820502	0.008820502
0.008816655	0.008816655
0.008812807	0.008812807
0.00880896	0.00880896
0.008805112	0.008805112
0.008801265	0.008801265
0.008797418	0.008797418
0.00879357	0.00879357
0.008789723	0.008789723
0.008785875	0.008785875
0.008782028	0.008782028
0.00877818	0.00877818
0.008774333	0.008774333
0.008770486	0.008770486
0.008766638	0.008766638
0.008762791	0.008762791
0.008758944	0.008758944
0.008755096	0.008755096
0.008751249	0.008751249
0.008747401	0.008747401
0.008743554	0.008743554
0.008739707	0.008739707
0.00873586	0.00873586
0.008732012	0.008732012
0.008728165	0.008728165
0.008724318	0.008724318
0.00872047	0.00872047
0.008716623	0.008716623
0.008712775	0.008712775
0.008708928	0.008708928
0.008705081	0.008705081
0.008701233	0.008701233
0.008697386	0.008697386
0.008693538	0.008693538
0.008689691	0.008689691
0.008685844	0.008685844
0.008681996	0.008681996
0.008678149	0.008678149
0.008674301	0.008674301
0.008670454	0.008670454
0.008666606	0.008666606
0.008662759	0.008662759
0.008658912	0.008658912
0.008655064	0.008655064
0.008651217	0.008651217
0.008647369	0.008647369
0.008643522	0.008643522
0.008639675	0.008639675
0.008635827	0.008635827
0.00863198	0.00863198
0.008628132	0.008628132
0.008624285	0.008624285
0.008620438	0.008620438
0.00861659	0.00861659
0.008612743	0.008612743
0.008608895	0.008608895
0.008605048	0.008605048
0.0086012	0.0086012
0.008597354	0.008597354
0.008593506	0.008593506
0.008589659	0.008589659
0.008585812	0.008585812
0.008581964	0.008581964
0.008578117	0.008578117
0.008574269	0.008574269
0.008570422	0.008570422
0.008566575	0.008566575
0.008562727	0.008562727
0.00855888	0.00855888
0.008555032	0.008555032
0.008551185	0.008551185
0.008547337	0.008547337
0.00854349	0.00854349
0.008539643	0.008539643
0.008535795	0.008535795
0.008531948	0.008531948
0.0085281	0.0085281
0.008524253	0.008524253
0.008520406	0.008520406
0.008516558	0.008516558
0.008512711	0.008512711
0.008508863	0.008508863
0.008505016	0.008505016
0.008501168	0.008501168
0.008497321	0.008497321
0.008493474	0.008493474
0.008489626	0.008489626
0.008485779	0.008485779
0.008481931	0.008481931
0.008478084	0.008478084
0.008474237	0.008474237
0.008470389	0.008470389
0.008466542	0.008466542
0.008462694	0.008462694
0.008458848	0.008458848
0.008455001	0.008455001
0.008451153	0.008451153
0.008447306	0.008447306
0.008443458	0.008443458
0.008439611	0.008439611
0.008435763	0.008435763
0.008431916	0.008431916
0.008428068	0.008428068
0.008424221	0.008424221
0.008420373	0.008420373
0.008416525	0.008416525
0.008412678	0.008412678
0.00840883	0.00840883
0.008404983	0.008404983
0.008401135	0.008401135
0.008397287	0.008397287
0.00839344	0.00839344
0.008389592	0.008389592
0.008385745	0.008385745
0.008381897	0.008381897
0.008378049	0.008378049
0.008374202	0.008374202
0.008370354	0.008370354
0.008366507	0.008366507
0.008362659	0.008362659
0.008358811	0.008358811
0.008354964	0.008354964
0.008351116	0.008351116
0.008347269	0.008347269
0.008343421	0.008343421
0.008339573	0.008339573
0.008335726	0.008335726
0.008331878	0.008331878
0.008328031	0.008328031
0.008324183	0.008324183
0.008320335	0.008320335
0.008316489	0.008316489
0.008312641	0.008312641
0.008308794	0.008308794
0.008304946	0.008304946
0.008301098	0.008301098
0.008297251	0.008297251
0.008293403	0.008293403
0.008289555	0.008289555
0.008285708	0.008285708
0.00828186	0.00828186
0.008278013	0.008278013
0.008274165	0.008274165
0.008270318	0.008270318
0.00826647	0.00826647
0.008262622	0.008262622
0.008258775	0.008258775
0.008254927	0.008254927
0.008251079	0.008251079
0.008247232	0.008247232
0.008243384	0.008243384
0.008239537	0.008239537
0.008235689	0.008235689
0.008231841	0.008231841
0.008227994	0.008227994
0.008224146	0.008224146
0.008220299	0.008220299
0.008216451	0.008216451
0.008212604	0.008212604
0.008208756	0.008208756
0.008204908	0.008204908
0.008201061	0.008201061
0.008197213	0.008197213
0.008193365	0.008193365
0.008189518	0.008189518
0.00818567	0.00818567
0.008181823	0.008181823
0.008177976	0.008177976
0.008174128	0.008174128
0.008170281	0.008170281
0.008166433	0.008166433
0.008162585	0.008162585
0.008158738	0.008158738
0.00815489	0.00815489
0.008151043	0.008151043
0.008147195	0.008147195
0.008143347	0.008143347
0.0081395	0.0081395
0.008135653	0.008135653
0.008131805	0.008131805
0.008127957	0.008127957
0.008124109	0.008124109
0.008120261	0.008120261
0.008116413	0.008116413
0.008112565	0.008112565
0.008108717	0.008108717
0.00810487	0.00810487
0.008101022	0.008101022
0.008097174	0.008097174
0.008093326	0.008093326
0.008089478	0.008089478
0.00808563	0.00808563
0.008081782	0.008081782
0.008077934	0.008077934
0.008074086	0.008074086
0.008070238	0.008070238
0.00806639	0.00806639
0.008062542	0.008062542
0.008058694	0.008058694
0.008054846	0.008054846
0.008050999	0.008050999
0.00804715	0.00804715
0.008043303	0.008043303
0.008039455	0.008039455
0.008035608	0.008035608
0.00803176	0.00803176
0.008027912	0.008027912
0.008024064	0.008024064
0.008020216	0.008020216
0.008016368	0.008016368
0.00801252	0.00801252
0.008008672	0.008008672
0.008004824	0.008004824
0.008000977	0.008000977
0.007997129	0.007997129
0.007993281	0.007993281
0.007989433	0.007989433
0.007985585	0.007985585
0.007981737	0.007981737
0.007977889	0.007977889
0.007974041	0.007974041
0.007970193	0.007970193
0.007966345	0.007966345
0.007962497	0.007962497
0.007958649	0.007958649
0.007954801	0.007954801
0.007950954	0.007950954
0.007947105	0.007947105
0.007943258	0.007943258
0.00793941	0.00793941
0.007935562	0.007935562
0.007931714	0.007931714
0.007927866	0.007927866
0.007924018	0.007924018
0.00792017	0.00792017
0.007916322	0.007916322
0.007912474	0.007912474
0.007908626	0.007908626
0.007904778	0.007904778
0.00790093	0.00790093
0.007897083	0.007897083
0.007893235	0.007893235
0.007889387	0.007889387
0.007885539	0.007885539
0.007881691	0.007881691
0.007877843	0.007877843
0.007873995	0.007873995
0.007870147	0.007870147
0.007866299	0.007866299
0.007862451	0.007862451
0.007858603	0.007858603
0.007854754	0.007854754
0.007850906	0.007850906
0.007847058	0.007847058
0.00784321	0.00784321
0.007839362	0.007839362
0.007835514	0.007835514
0.007831666	0.007831666
0.007827818	0.007827818
0.00782397	0.00782397
0.007820122	0.007820122
0.007816274	0.007816274
0.007812426	0.007812426
0.007808578	0.007808578
0.00780473	0.00780473
0.007800881	0.007800881
0.007797033	0.007797033
0.007793185	0.007793185
0.007789338	0.007789338
0.00778549	0.00778549
0.007781642	0.007781642
0.007777793	0.007777793
0.007773945	0.007773945
0.007770097	0.007770097
0.007766249	0.007766249
0.007762401	0.007762401
0.007758553	0.007758553
0.007754705	0.007754705
0.007750857	0.007750857
0.007747009	0.007747009
0.007743161	0.007743161
0.007739313	0.007739313
0.007735465	0.007735465
0.007731617	0.007731617
0.007727769	0.007727769
0.007723921	0.007723921
0.007720073	0.007720073
0.007716225	0.007716225
0.007712377	0.007712377
0.007708529	0.007708529
0.007704681	0.007704681
0.007700832	0.007700832
0.007696985	0.007696985
0.007693136	0.007693136
0.007689288	0.007689288
0.00768544	0.00768544
0.007681592	0.007681592
0.007677744	0.007677744
0.007673896	0.007673896
0.007670048	0.007670048
0.0076662	0.0076662
0.007662352	0.007662352
0.007658504	0.007658504
0.007654656	0.007654656
0.007650808	0.007650808
0.00764696	0.00764696
0.007643112	0.007643112
0.007639264	0.007639264
0.007635416	0.007635416
0.007631568	0.007631568
0.00762772	0.00762772
0.007623872	0.007623872
0.007620023	0.007620023
0.007616175	0.007616175
0.007612327	0.007612327
0.007608479	0.007608479
0.007604631	0.007604631
0.007600782	0.007600782
0.007596934	0.007596934
0.007593086	0.007593086
0.007589238	0.007589238
0.00758539	0.00758539
0.007581542	0.007581542
0.007577694	0.007577694
0.007573846	0.007573846
0.007569998	0.007569998
0.007566149	0.007566149
0.007562301	0.007562301
0.007558453	0.007558453
0.007554605	0.007554605
0.007550757	0.007550757
0.007546908	0.007546908
0.00754306	0.00754306
0.007539212	0.007539212
0.007535364	0.007535364
0.007531516	0.007531516
0.007527667	0.007527667
0.007523819	0.007523819
0.007519971	0.007519971
0.007516123	0.007516123
0.007512275	0.007512275
0.007508427	0.007508427
0.007504579	0.007504579
0.007500731	0.007500731
0.007496883	0.007496883
0.007493034	0.007493034
0.007489186	0.007489186
0.007485338	0.007485338
0.00748149	0.00748149
0.007477642	0.007477642
0.007473793	0.007473793
0.007469945	0.007469945
0.007466097	0.007466097
0.007462249	0.007462249
0.007458401	0.007458401
0.007454553	0.007454553
0.007450704	0.007450704
0.007446856	0.007446856
0.007443008	0.007443008
0.00743916	0.00743916
0.007435312	0.007435312
0.007431464	0.007431464
0.007427616	0.007427616
0.007423768	0.007423768
0.007419919	0.007419919
0.007416071	0.007416071
0.007412223	0.007412223
0.007408375	0.007408375
0.007404527	0.007404527
0.007400679	0.007400679
0.00739683	0.00739683
0.007392982	0.007392982
0.007389134	0.007389134
0.007385286	0.007385286
0.007381438	0.007381438
0.007377589	0.007377589
0.007373741	0.007373741
0.007369894	0.007369894
0.007366045	0.007366045
0.007362197	0.007362197
0.007358349	0.007358349
0.007354501	0.007354501
0.007350653	0.007350653
0.007346805	0.007346805
0.007342956	0.007342956
0.007339108	0.007339108
0.00733526	0.00733526
0.007331412	0.007331412
0.007327564	0.007327564
0.007323716	0.007323716
0.007319867	0.007319867
0.007316019	0.007316019
0.007312171	0.007312171
0.007308323	0.007308323
0.007304475	0.007304475
0.007300627	0.007300627
0.007296779	0.007296779
0.007292931	0.007292931
0.007289083	0.007289083
0.007285235	0.007285235
0.007281387	0.007281387
0.007277538	0.007277538
0.00727369	0.00727369
0.007269842	0.007269842
0.007265994	0.007265994
0.007262147	0.007262147
0.007258298	0.007258298
0.00725445	0.00725445
0.007250602	0.007250602
0.007246754	0.007246754
0.007242906	0.007242906
0.007239058	0.007239058
0.00723521	0.00723521
0.007231362	0.007231362
0.007227514	0.007227514
0.007223667	0.007223667
0.007219818	0.007219818
0.00721597	0.00721597
0.007212122	0.007212122
0.007208274	0.007208274
0.007204426	0.007204426
0.007200578	0.007200578
0.00719673	0.00719673
0.007192882	0.007192882
0.007189034	0.007189034
0.007185186	0.007185186
0.007181338	0.007181338
0.00717749	0.00717749
0.007173642	0.007173642
0.007169794	0.007169794
0.007165946	0.007165946
0.007162098	0.007162098
0.00715825	0.00715825
0.007154402	0.007154402
0.007150554	0.007150554
0.007146706	0.007146706
0.007142858	0.007142858
0.00713901	0.00713901
0.007135162	0.007135162
0.007131314	0.007131314
0.007127466	0.007127466
0.007123618	0.007123618
0.00711977	0.00711977
0.007115922	0.007115922
0.007112074	0.007112074
0.007108226	0.007108226
0.007104378	0.007104378
0.00710053	0.00710053
0.007096682	0.007096682
0.007092833	0.007092833
0.007088986	0.007088986
0.007085138	0.007085138
0.00708129	0.00708129
0.007077442	0.007077442
0.007073594	0.007073594
0.007069746	0.007069746
0.007065898	0.007065898
0.00706205	0.00706205
0.007058202	0.007058202
0.007054354	0.007054354
0.007050506	0.007050506
0.007046658	0.007046658
0.007042809	0.007042809
0.007038962	0.007038962
0.007035113	0.007035113
0.007031266	0.007031266
0.007027417	0.007027417
0.007023569	0.007023569
0.007019721	0.007019721
0.007015874	0.007015874
0.007012026	0.007012026
0.007008178	0.007008178
0.00700433	0.00700433
0.007000482	0.007000482
0.006996634	0.006996634
0.006992786	0.006992786
0.006988938	0.006988938
0.00698509	0.00698509
0.006981242	0.006981242
0.006977394	0.006977394
0.006973546	0.006973546
0.006969698	0.006969698
0.00696585	0.00696585
0.006962002	0.006962002
0.006958154	0.006958154
0.006954306	0.006954306
0.006950458	0.006950458
0.00694661	0.00694661
0.006942762	0.006942762
0.006938914	0.006938914
0.006935066	0.006935066
0.006931218	0.006931218
0.00692737	0.00692737
0.006923522	0.006923522
0.006919674	0.006919674
0.006915826	0.006915826
0.006911978	0.006911978
0.006908131	0.006908131
0.006904282	0.006904282
0.006900434	0.006900434
0.006896587	0.006896587
0.006892739	0.006892739
0.006888891	0.006888891
0.006885043	0.006885043
0.006881195	0.006881195
0.006877347	0.006877347
0.0068735	0.0068735
0.006869652	0.006869652
0.006865804	0.006865804
0.006861956	0.006861956
0.006858108	0.006858108
0.00685426	0.00685426
0.006850412	0.006850412
0.006846564	0.006846564
0.006842716	0.006842716
0.006838868	0.006838868
0.00683502	0.00683502
0.006831172	0.006831172
0.006827324	0.006827324
0.006823476	0.006823476
0.006819629	0.006819629
0.006815781	0.006815781
0.006811933	0.006811933
0.006808085	0.006808085
0.006804237	0.006804237
0.00680039	0.00680039
0.006796542	0.006796542
0.006792694	0.006792694
0.006788846	0.006788846
0.006784998	0.006784998
0.00678115	0.00678115
0.006777302	0.006777302
0.006773454	0.006773454
0.006769606	0.006769606
0.006765758	0.006765758
0.00676191	0.00676191
0.006758063	0.006758063
0.006754215	0.006754215
0.006750366	0.006750366
0.006746519	0.006746519
0.006742671	0.006742671
0.006738823	0.006738823
0.006734976	0.006734976
0.006731127	0.006731127
0.006727279	0.006727279
0.006723432	0.006723432
0.006719584	0.006719584
0.006715736	0.006715736
0.006711888	0.006711888
0.00670804	0.00670804
0.006704192	0.006704192
0.006700344	0.006700344
0.006696496	0.006696496
0.006692648	0.006692648
0.0066888	0.0066888
0.006684953	0.006684953
0.006681104	0.006681104
0.006677256	0.006677256
0.006673409	0.006673409
0.006669561	0.006669561
0.006665713	0.006665713
0.006661865	0.006661865
0.006658017	0.006658017
0.006654169	0.006654169
0.006650322	0.006650322
0.006646474	0.006646474
0.006642626	0.006642626
0.006638778	0.006638778
0.00663493	0.00663493
0.006631082	0.006631082
0.006627234	0.006627234
0.006623386	0.006623386
0.006619538	0.006619538
0.00661569	0.00661569
0.006611843	0.006611843
0.006607994	0.006607994
0.006604146	0.006604146
0.006600299	0.006600299
0.006596451	0.006596451
0.006592603	0.006592603
0.006588755	0.006588755
0.006584907	0.006584907
0.006581059	0.006581059
0.006577211	0.006577211
0.006573363	0.006573363
0.006569516	0.006569516
0.006565668	0.006565668
0.00656182	0.00656182
0.006557972	0.006557972
0.006554124	0.006554124
0.006550276	0.006550276
0.006546428	0.006546428
0.00654258	0.00654258
0.006538732	0.006538732
0.006534884	0.006534884
0.006531036	0.006531036
0.006527189	0.006527189
0.006523341	0.006523341
0.006519493	0.006519493
0.006515645	0.006515645
0.006511797	0.006511797
0.006507949	0.006507949
0.006504101	0.006504101
0.006500253	0.006500253
0.006496406	0.006496406
0.006492557	0.006492557
0.00648871	0.00648871
0.006484862	0.006484862
0.006481014	0.006481014
0.006477166	0.006477166
0.006473318	0.006473318
0.00646947	0.00646947
0.006465622	0.006465622
0.006461774	0.006461774
0.006457926	0.006457926
0.006454078	0.006454078
0.006450231	0.006450231
0.006446383	0.006446383
0.006442535	0.006442535
0.006438687	0.006438687
0.006434839	0.006434839
0.006430991	0.006430991
0.006427143	0.006427143
0.006423295	0.006423295
0.006419447	0.006419447
0.006415599	0.006415599
0.006411751	0.006411751
0.006407903	0.006407903
0.006404055	0.006404055
0.006400208	0.006400208
0.006396359	0.006396359
0.006392512	0.006392512
0.006388664	0.006388664
0.006384816	0.006384816
0.006380968	0.006380968
0.00637712	0.00637712
0.006373272	0.006373272
0.006369425	0.006369425
0.006365576	0.006365576
0.006361728	0.006361728
0.006357881	0.006357881
0.006354033	0.006354033
0.006350185	0.006350185
0.006346337	0.006346337
0.006342489	0.006342489
0.006338641	0.006338641
0.006334793	0.006334793
0.006330945	0.006330945
0.006327097	0.006327097
0.006323249	0.006323249
0.006319401	0.006319401
0.006315554	0.006315554
0.006311706	0.006311706
0.006307858	0.006307858
0.00630401	0.00630401
0.006300162	0.006300162
0.006296314	0.006296314
0.006292466	0.006292466
0.006288618	0.006288618
0.00628477	0.00628477
0.006280922	0.006280922
0.006277075	0.006277075
0.006273226	0.006273226
0.006269379	0.006269379
0.006265531	0.006265531
0.006261683	0.006261683
0.006257835	0.006257835
0.006253987	0.006253987
0.006250139	0.006250139
0.006246291	0.006246291
0.006242444	0.006242444
0.006238596	0.006238596
0.006234748	0.006234748
0.0062309	0.0062309
0.006227052	0.006227052
0.006223204	0.006223204
0.006219356	0.006219356
0.006215508	0.006215508
0.00621166	0.00621166
0.006207812	0.006207812
0.006203964	0.006203964
0.006200116	0.006200116
0.006196269	0.006196269
0.006192421	0.006192421
0.006188573	0.006188573
0.006184725	0.006184725
0.006180877	0.006180877
0.006177029	0.006177029
0.006173182	0.006173182
0.006169333	0.006169333
0.006165486	0.006165486
0.006161637	0.006161637
0.006157789	0.006157789
0.006153941	0.006153941
0.006150093	0.006150093
0.006146245	0.006146245
0.006142398	0.006142398
0.006138549	0.006138549
0.006134701	0.006134701
0.006130853	0.006130853
0.006127005	0.006127005
0.006123157	0.006123157
0.006119309	0.006119309
0.006115461	0.006115461
0.006111613	0.006111613
0.006107765	0.006107765
0.006103918	0.006103918
0.00610007	0.00610007
0.006096222	0.006096222
0.006092374	0.006092374
0.006088526	0.006088526
0.006084678	0.006084678
0.00608083	0.00608083
0.006076982	0.006076982
0.006073134	0.006073134
0.006069286	0.006069286
0.006065438	0.006065438
0.00606159	0.00606159
0.006057742	0.006057742
0.006053894	0.006053894
0.006050045	0.006050045
0.006046198	0.006046198
0.006042349	0.006042349
0.006038502	0.006038502
0.006034654	0.006034654
0.006030806	0.006030806
0.006026958	0.006026958
0.00602311	0.00602311
0.006019262	0.006019262
0.006015414	0.006015414
0.006011566	0.006011566
0.006007718	0.006007718
0.00600387	0.00600387
0.006000022	0.006000022
0.005996174	0.005996174
0.005992326	0.005992326
0.005988478	0.005988478
0.00598463	0.00598463
0.005980782	0.005980782
0.005976934	0.005976934
0.005973086	0.005973086
0.005969238	0.005969238
0.00596539	0.00596539
0.005961542	0.005961542
0.005957695	0.005957695
0.005953846	0.005953846
0.005949998	0.005949998
0.00594615	0.00594615
0.005942303	0.005942303
0.005938454	0.005938454
0.005934607	0.005934607
0.005930758	0.005930758
0.00592691	0.00592691
0.005923062	0.005923062
0.005919214	0.005919214
0.005915366	0.005915366
0.005911519	0.005911519
0.00590767	0.00590767
0.005903822	0.005903822
0.005899974	0.005899974
0.005896127	0.005896127
0.005892278	0.005892278
0.005888431	0.005888431
0.005884583	0.005884583
0.005880735	0.005880735
0.005876887	0.005876887
0.005873039	0.005873039
0.00586919	0.00586919
0.005865343	0.005865343
0.005861494	0.005861494
0.005857646	0.005857646
0.005853799	0.005853799
0.005849951	0.005849951
0.005846102	0.005846102
0.005842254	0.005842254
0.005838406	0.005838406
0.005834559	0.005834559
0.00583071	0.00583071
0.005826863	0.005826863
0.005823015	0.005823015
0.005819167	0.005819167
0.005815319	0.005815319
0.005811471	0.005811471
0.005807623	0.005807623
0.005803775	0.005803775
0.005799927	0.005799927
0.005796079	0.005796079
0.005792231	0.005792231
0.005788383	0.005788383
0.005784535	0.005784535
0.005780687	0.005780687
0.005776839	0.005776839
0.005772991	0.005772991
0.005769143	0.005769143
0.005765295	0.005765295
0.005761447	0.005761447
0.005757599	0.005757599
0.005753751	0.005753751
0.005749903	0.005749903
0.005746055	0.005746055
0.005742207	0.005742207
0.005738359	0.005738359
0.005734511	0.005734511
0.005730663	0.005730663
0.005726815	0.005726815
0.005722967	0.005722967
0.005719119	0.005719119
0.005715271	0.005715271
0.005711423	0.005711423
0.005707575	0.005707575
0.005703727	0.005703727
0.005699879	0.005699879
0.005696031	0.005696031
0.005692183	0.005692183
0.005688335	0.005688335
0.005684487	0.005684487
0.005680639	0.005680639
0.005676791	0.005676791
0.005672943	0.005672943
0.005669095	0.005669095
0.005665247	0.005665247
0.005661399	0.005661399
0.005657551	0.005657551
0.005653703	0.005653703
0.005649855	0.005649855
0.005646006	0.005646006
0.005642159	0.005642159
0.005638311	0.005638311
0.005634462	0.005634462
0.005630614	0.005630614
0.005626766	0.005626766
0.005622918	0.005622918
0.00561907	0.00561907
0.005615222	0.005615222
0.005611375	0.005611375
0.005607527	0.005607527
0.005603679	0.005603679
0.00559983	0.00559983
0.005595982	0.005595982
0.005592134	0.005592134
0.005588286	0.005588286
0.005584438	0.005584438
0.00558059	0.00558059
0.005576742	0.005576742
0.005572894	0.005572894
0.005569046	0.005569046
0.005565198	0.005565198
0.00556135	0.00556135
0.005557502	0.005557502
0.005553654	0.005553654
0.005549806	0.005549806
0.005545958	0.005545958
0.00554211	0.00554211
0.005538262	0.005538262
0.005534414	0.005534414
0.005530566	0.005530566
0.005526718	0.005526718
0.00552287	0.00552287
0.005519022	0.005519022
0.005515174	0.005515174
0.005511325	0.005511325
0.005507477	0.005507477
0.005503629	0.005503629
0.005499781	0.005499781
0.005495933	0.005495933
0.005492085	0.005492085
0.005488237	0.005488237
0.005484389	0.005484389
0.005480541	0.005480541
0.005476693	0.005476693
0.005472846	0.005472846
0.005468998	0.005468998
0.005465149	0.005465149
0.005461301	0.005461301
0.005457453	0.005457453
0.005453605	0.005453605
0.005449757	0.005449757
0.005445909	0.005445909
0.005442061	0.005442061
0.005438213	0.005438213
0.005434365	0.005434365
0.005430517	0.005430517
0.005426669	0.005426669
0.005422821	0.005422821
0.005418973	0.005418973
0.005415125	0.005415125
0.005411276	0.005411276
0.005407428	0.005407428
0.005403581	0.005403581
0.005399733	0.005399733
0.005395885	0.005395885
0.005392037	0.005392037
0.005388189	0.005388189
0.005384341	0.005384341
0.005380492	0.005380492
0.005376644	0.005376644
0.005372796	0.005372796
0.005368948	0.005368948
0.0053651	0.0053651
0.005361253	0.005361253
0.005357404	0.005357404
0.005353556	0.005353556
0.005349708	0.005349708
0.00534586	0.00534586
0.005342012	0.005342012
0.005338164	0.005338164
0.005334316	0.005334316
0.005330469	0.005330469
0.00532662	0.00532662
0.005322772	0.005322772
0.005318924	0.005318924
0.005315076	0.005315076
0.005311228	0.005311228
0.00530738	0.00530738
0.005303532	0.005303532
0.005299684	0.005299684
0.005295836	0.005295836
0.005291988	0.005291988
0.00528814	0.00528814
0.005284292	0.005284292
0.005280444	0.005280444
0.005276596	0.005276596
0.005272747	0.005272747
0.005268899	0.005268899
0.005265051	0.005265051
0.005261204	0.005261204
0.005257356	0.005257356
0.005253508	0.005253508
0.005249659	0.005249659
0.005245811	0.005245811
0.005241963	0.005241963
0.005238115	0.005238115
0.005234268	0.005234268
0.005230419	0.005230419
0.005226572	0.005226572
0.005222723	0.005222723
0.005218875	0.005218875
0.005215027	0.005215027
0.005211179	0.005211179
0.005207331	0.005207331
0.005203483	0.005203483
0.005199635	0.005199635
0.005195787	0.005195787
0.005191939	0.005191939
0.005188091	0.005188091
0.005184243	0.005184243
0.005180395	0.005180395
0.005176547	0.005176547
0.005172699	0.005172699
0.005168851	0.005168851
0.005165003	0.005165003
0.005161155	0.005161155
0.005157307	0.005157307
0.005153459	0.005153459
0.005149611	0.005149611
0.005145763	0.005145763
0.005141915	0.005141915
0.005138067	0.005138067
0.005134219	0.005134219
0.005130371	0.005130371
0.005126523	0.005126523
0.005122675	0.005122675
0.005118827	0.005118827
0.005114979	0.005114979
0.005111131	0.005111131
0.005107283	0.005107283
0.005103435	0.005103435
0.005099587	0.005099587
0.005095739	0.005095739
0.00509189	0.00509189
0.005088043	0.005088043
0.005084195	0.005084195
0.005080346	0.005080346
0.005076499	0.005076499
0.005072651	0.005072651
0.005068803	0.005068803
0.005064954	0.005064954
0.005061106	0.005061106
0.005057259	0.005057259
0.00505341	0.00505341
0.005049563	0.005049563
0.005045715	0.005045715
0.005041866	0.005041866
0.005038018	0.005038018
0.00503417	0.00503417
0.005030322	0.005030322
0.005026474	0.005026474
0.005022626	0.005022626
0.005018778	0.005018778
0.00501493	0.00501493
0.005011082	0.005011082
0.005007234	0.005007234
0.005003386	0.005003386
0.004999538	0.004999538
0.00499569	0.00499569
0.004991842	0.004991842
0.004987994	0.004987994
0.004984145	0.004984145
0.004980298	0.004980298
0.00497645	0.00497645
0.004972602	0.004972602
0.004968754	0.004968754
0.004964905	0.004964905
0.004961058	0.004961058
0.00495721	0.00495721
0.004953362	0.004953362
0.004949513	0.004949513
0.004945665	0.004945665
0.004941817	0.004941817
0.004937969	0.004937969
0.004934121	0.004934121
0.004930273	0.004930273
0.004926425	0.004926425
0.004922577	0.004922577
0.004918729	0.004918729
0.004914881	0.004914881
0.004911033	0.004911033
0.004907185	0.004907185
0.004903337	0.004903337
0.004899489	0.004899489
0.004895641	0.004895641
0.004891793	0.004891793
0.004887945	0.004887945
0.004884097	0.004884097
0.004880249	0.004880249
0.0048764	0.0048764
0.004872553	0.004872553
0.004868705	0.004868705
0.004864856	0.004864856
0.004861008	0.004861008
0.004857161	0.004857161
0.004853312	0.004853312
0.004849464	0.004849464
0.004845616	0.004845616
0.004841768	0.004841768
0.004837921	0.004837921
0.004834073	0.004834073
0.004830224	0.004830224
0.004826376	0.004826376
0.004822529	0.004822529
0.00481868	0.00481868
0.004814832	0.004814832
0.004810984	0.004810984
0.004807136	0.004807136
0.004803288	0.004803288
0.00479944	0.00479944
0.004795592	0.004795592
0.004791744	0.004791744
0.004787896	0.004787896
0.004784048	0.004784048
0.0047802	0.0047802
0.004776352	0.004776352
0.004772504	0.004772504
0.004768656	0.004768656
0.004764808	0.004764808
0.00476096	0.00476096
0.004757111	0.004757111
0.004753264	0.004753264
0.004749416	0.004749416
0.004745567	0.004745567
0.004741719	0.004741719
0.004737872	0.004737872
0.004734023	0.004734023
0.004730175	0.004730175
0.004726327	0.004726327
0.004722479	0.004722479
0.004718631	0.004718631
0.004714783	0.004714783
0.004710935	0.004710935
0.004707087	0.004707087
0.004703239	0.004703239
0.004699392	0.004699392
0.004695543	0.004695543
0.004691695	0.004691695
0.004687847	0.004687847
0.004683999	0.004683999
0.004680151	0.004680151
0.004676303	0.004676303
0.004672455	0.004672455
0.004668607	0.004668607
0.004664759	0.004664759
0.004660911	0.004660911
0.004657063	0.004657063
0.004653215	0.004653215
0.004649366	0.004649366
0.004645518	0.004645518
0.004641671	0.004641671
0.004637822	0.004637822
0.004633974	0.004633974
0.004630127	0.004630127
0.004626278	0.004626278
0.00462243	0.00462243
0.004618582	0.004618582
0.004614734	0.004614734
0.004610886	0.004610886
0.004607038	0.004607038
0.00460319	0.00460319
0.004599342	0.004599342
0.004595494	0.004595494
0.004591646	0.004591646
0.004587798	0.004587798
0.00458395	0.00458395
0.004580101	0.004580101
0.004576254	0.004576254
0.004572406	0.004572406
0.004568557	0.004568557
0.004564709	0.004564709
0.004560861	0.004560861
0.004557014	0.004557014
0.004553166	0.004553166
0.004549318	0.004549318
0.00454547	0.00454547
0.004541621	0.004541621
0.004537774	0.004537774
0.004533925	0.004533925
0.004530077	0.004530077
0.004526229	0.004526229
0.004522381	0.004522381
0.004518533	0.004518533
0.004514685	0.004514685
0.004510837	0.004510837
0.004506989	0.004506989
0.00450314	0.00450314
0.004499292	0.004499292
0.004495445	0.004495445
0.004491596	0.004491596
0.004487749	0.004487749
0.004483901	0.004483901
0.004480052	0.004480052
0.004476205	0.004476205
0.004472356	0.004472356
0.004468508	0.004468508
0.00446466	0.00446466
0.004460812	0.004460812
0.004456964	0.004456964
0.004453116	0.004453116
0.004449268	0.004449268
0.00444542	0.00444542
0.004441572	0.004441572
0.004437724	0.004437724
0.004433876	0.004433876
0.004430028	0.004430028
0.00442618	0.00442618
0.004422332	0.004422332
0.004418484	0.004418484
0.004414636	0.004414636
0.004410787	0.004410787
0.004406939	0.004406939
0.004403091	0.004403091
0.004399243	0.004399243
0.004395395	0.004395395
0.004391547	0.004391547
0.004387699	0.004387699
0.004383851	0.004383851
0.004380003	0.004380003
0.004376155	0.004376155
0.004372307	0.004372307
0.004368459	0.004368459
0.004364611	0.004364611
0.004360763	0.004360763
0.004356914	0.004356914
0.004353066	0.004353066
0.004349219	0.004349219
0.004345371	0.004345371
0.004341522	0.004341522
0.004337675	0.004337675
0.004333827	0.004333827
0.004329979	0.004329979
0.00432613	0.00432613
0.004322282	0.004322282
0.004318435	0.004318435
0.004314586	0.004314586
0.004310738	0.004310738
0.00430689	0.00430689
0.004303042	0.004303042
0.004299194	0.004299194
0.004295346	0.004295346
0.004291498	0.004291498
0.00428765	0.00428765
0.004283802	0.004283802
0.004279954	0.004279954
0.004276106	0.004276106
0.004272258	0.004272258
0.00426841	0.00426841
0.004264562	0.004264562
0.004260714	0.004260714
0.004256866	0.004256866
0.004253018	0.004253018
0.00424917	0.00424917
0.004245321	0.004245321
0.004241474	0.004241474
0.004237626	0.004237626
0.004233777	0.004233777
0.004229929	0.004229929
0.004226082	0.004226082
0.004222233	0.004222233
0.004218385	0.004218385
0.004214537	0.004214537
0.004210689	0.004210689
0.004206842	0.004206842
0.004202993	0.004202993
0.004199145	0.004199145
0.004195298	0.004195298
0.004191449	0.004191449
0.004187601	0.004187601
0.004183753	0.004183753
0.004179905	0.004179905
0.004176057	0.004176057
0.004172209	0.004172209
0.004168361	0.004168361
0.004164513	0.004164513
0.004160665	0.004160665
0.004156817	0.004156817
0.004152969	0.004152969
0.004149121	0.004149121
0.004145273	0.004145273
0.004141425	0.004141425
0.004137577	0.004137577
0.004133729	0.004133729
0.004129881	0.004129881
0.004126033	0.004126033
0.004122185	0.004122185
0.004118337	0.004118337
0.004114489	0.004114489
0.004110641	0.004110641
0.004106793	0.004106793
0.004102945	0.004102945
0.004099097	0.004099097
0.004095249	0.004095249
0.004091401	0.004091401
0.004087552	0.004087552
0.004083705	0.004083705
0.004079856	0.004079856
0.004076008	0.004076008
0.004072161	0.004072161
0.004068313	0.004068313
0.004064465	0.004064465
0.004060617	0.004060617
0.004056769	0.004056769
0.004052921	0.004052921
0.004049073	0.004049073
0.004045225	0.004045225
0.004041377	0.004041377
0.004037529	0.004037529
0.004033681	0.004033681
0.004029833	0.004029833
0.004025984	0.004025984
0.004022137	0.004022137
0.004018288	0.004018288
0.004014441	0.004014441
0.004010592	0.004010592
0.004006744	0.004006744
0.004002897	0.004002897
0.003999048	0.003999048
0.003995201	0.003995201
0.003991352	0.003991352
0.003987505	0.003987505
0.003983656	0.003983656
0.003979809	0.003979809
0.003975961	0.003975961
0.003972112	0.003972112
0.003968265	0.003968265
0.003964416	0.003964416
0.003960568	0.003960568
0.00395672	0.00395672
0.003952872	0.003952872
0.003949024	0.003949024
0.003945176	0.003945176
0.003941328	0.003941328
0.00393748	0.00393748
0.003933632	0.003933632
0.003929784	0.003929784
0.003925937	0.003925937
0.003922088	0.003922088
0.003918241	0.003918241
0.003914392	0.003914392
0.003910544	0.003910544
0.003906696	0.003906696
0.003902848	0.003902848
0.003899	0.003899
0.003895152	0.003895152
0.003891304	0.003891304
0.003887456	0.003887456
0.003883608	0.003883608
0.00387976	0.00387976
0.003875912	0.003875912
0.003872064	0.003872064
0.003868216	0.003868216
0.003864369	0.003864369
0.00386052	0.00386052
0.003856672	0.003856672
0.003852824	0.003852824
0.003848976	0.003848976
0.003845128	0.003845128
0.00384128	0.00384128
0.003837432	0.003837432
0.003833584	0.003833584
0.003829736	0.003829736
0.003825888	0.003825888
0.00382204	0.00382204
0.003818192	0.003818192
0.003814344	0.003814344
0.003810496	0.003810496
0.003806648	0.003806648
0.0038028	0.0038028
0.003798952	0.003798952
0.003795104	0.003795104
0.003791256	0.003791256
0.003787408	0.003787408
0.00378356	0.00378356
0.003779712	0.003779712
0.003775864	0.003775864
0.003772016	0.003772016
0.003768168	0.003768168
0.00376432	0.00376432
0.003760472	0.003760472
0.003756624	0.003756624
0.003752776	0.003752776
0.003748927	0.003748927
0.00374508	0.00374508
0.003741231	0.003741231
0.003737384	0.003737384
0.003733536	0.003733536
0.003729688	0.003729688
0.00372584	0.00372584
0.003721992	0.003721992
0.003718144	0.003718144
0.003714295	0.003714295
0.003710448	0.003710448
0.003706599	0.003706599
0.003702752	0.003702752
0.003698904	0.003698904
0.003695056	0.003695056
0.003691208	0.003691208
0.00368736	0.00368736
0.003683512	0.003683512
0.003679663	0.003679663
0.003675816	0.003675816
0.003671967	0.003671967
0.003668119	0.003668119
0.003664272	0.003664272
0.003660424	0.003660424
0.003656576	0.003656576
0.003652728	0.003652728
0.00364888	0.00364888
0.003645031	0.003645031
0.003641184	0.003641184
0.003637335	0.003637335
0.003633487	0.003633487
0.00362964	0.00362964
0.003625791	0.003625791
0.003621944	0.003621944
0.003618095	0.003618095
0.003614247	0.003614247
0.003610399	0.003610399
0.003606551	0.003606551
0.003602703	0.003602703
0.003598855	0.003598855
0.003595007	0.003595007
0.003591159	0.003591159
0.003587311	0.003587311
0.003583463	0.003583463
0.003579615	0.003579615
0.003575767	0.003575767
0.003571919	0.003571919
0.003568071	0.003568071
0.003564223	0.003564223
0.003560375	0.003560375
0.003556527	0.003556527
0.003552679	0.003552679
0.003548831	0.003548831
0.003544983	0.003544983
0.003541135	0.003541135
0.003537287	0.003537287
0.003533439	0.003533439
0.003529591	0.003529591
0.003525743	0.003525743
0.003521895	0.003521895
0.003518047	0.003518047
0.003514199	0.003514199
0.003510351	0.003510351
0.003506503	0.003506503
0.003502655	0.003502655
0.003498807	0.003498807
0.003494959	0.003494959
0.003491111	0.003491111
0.003487263	0.003487263
0.003483415	0.003483415
0.003479567	0.003479567
0.003475719	0.003475719
0.003471871	0.003471871
0.003468023	0.003468023
0.003464175	0.003464175
0.003460327	0.003460327
0.003456479	0.003456479
0.003452631	0.003452631
0.003448783	0.003448783
0.003444935	0.003444935
0.003441087	0.003441087
0.003437239	0.003437239
0.003433391	0.003433391
0.003429543	0.003429543
0.003425695	0.003425695
0.003421846	0.003421846
0.003417999	0.003417999
0.003414151	0.003414151
0.003410303	0.003410303
0.003406455	0.003406455
0.003402606	0.003402606
0.003398759	0.003398759
0.003394911	0.003394911
0.003391062	0.003391062
0.003387214	0.003387214
0.003383367	0.003383367
0.003379519	0.003379519
0.00337567	0.00337567
0.003371823	0.003371823
0.003367975	0.003367975
0.003364126	0.003364126
0.003360278	0.003360278
0.00335643	0.00335643
0.003352582	0.003352582
0.003348734	0.003348734
0.003344886	0.003344886
0.003341039	0.003341039
0.00333719	0.00333719
0.003333342	0.003333342
0.003329494	0.003329494
0.003325646	0.003325646
0.003321798	0.003321798
0.00331795	0.00331795
0.003314102	0.003314102
0.003310254	0.003310254
0.003306406	0.003306406
0.003302558	0.003302558
0.00329871	0.00329871
0.003294862	0.003294862
0.003291014	0.003291014
0.003287166	0.003287166
0.003283318	0.003283318
0.00327947	0.00327947
0.003275622	0.003275622
0.003271774	0.003271774
0.003267926	0.003267926
0.003264078	0.003264078
0.00326023	0.00326023
0.003256382	0.003256382
0.003252534	0.003252534
0.003248686	0.003248686
0.003244838	0.003244838
0.00324099	0.00324099
0.003237142	0.003237142
0.003233294	0.003233294
0.003229446	0.003229446
0.003225598	0.003225598
0.00322175	0.00322175
0.003217902	0.003217902
0.003214054	0.003214054
0.003210206	0.003210206
0.003206359	0.003206359
0.00320251	0.00320251
0.003198663	0.003198663
0.003194814	0.003194814
0.003190966	0.003190966
0.003187118	0.003187118
0.00318327	0.00318327
0.003179422	0.003179422
0.003175574	0.003175574
0.003171727	0.003171727
0.003167879	0.003167879
0.003164031	0.003164031
0.003160183	0.003160183
0.003156335	0.003156335
0.003152486	0.003152486
0.003148639	0.003148639
0.003144791	0.003144791
0.003140943	0.003140943
0.003137095	0.003137095
0.003133247	0.003133247
0.003129399	0.003129399
0.003125551	0.003125551
0.003121703	0.003121703
0.003117855	0.003117855
0.003114007	0.003114007
0.003110159	0.003110159
0.003106311	0.003106311
0.003102463	0.003102463
0.003098615	0.003098615
0.003094767	0.003094767
0.003090919	0.003090919
0.003087071	0.003087071
0.003083223	0.003083223
0.003079375	0.003079375
0.003075526	0.003075526
0.003071678	0.003071678
0.003067831	0.003067831
0.003063982	0.003063982
0.003060134	0.003060134
0.003056286	0.003056286
0.003052438	0.003052438
0.00304859	0.00304859
0.003044742	0.003044742
0.003040894	0.003040894
0.003037046	0.003037046
0.003033198	0.003033198
0.00302935	0.00302935
0.003025502	0.003025502
0.003021654	0.003021654
0.003017806	0.003017806
0.003013958	0.003013958
0.00301011	0.00301011
0.003006262	0.003006262
0.003002414	0.003002414
0.002998566	0.002998566
0.002994718	0.002994718
0.00299087	0.00299087
0.002987022	0.002987022
0.002983174	0.002983174
0.002979326	0.002979326
0.002975478	0.002975478
0.00297163	0.00297163
0.002967781	0.002967781
0.002963933	0.002963933
0.002960086	0.002960086
0.002956237	0.002956237
0.002952389	0.002952389
0.002948542	0.002948542
0.002944693	0.002944693
0.002940845	0.002940845
0.002936997	0.002936997
0.002933149	0.002933149
0.002929301	0.002929301
0.002925453	0.002925453
0.002921605	0.002921605
0.002917757	0.002917757
0.002913909	0.002913909
0.002910061	0.002910061
0.002906213	0.002906213
0.002902365	0.002902365
0.002898517	0.002898517
0.002894669	0.002894669
0.002890821	0.002890821
0.002886973	0.002886973
0.002883125	0.002883125
0.002879276	0.002879276
0.002875428	0.002875428
0.00287158	0.00287158
0.002867732	0.002867732
0.002863884	0.002863884
0.002860036	0.002860036
0.002856188	0.002856188
0.00285234	0.00285234
0.002848492	0.002848492
0.002844644	0.002844644
0.002840796	0.002840796
0.002836948	0.002836948
0.0028331	0.0028331
0.002829252	0.002829252
0.002825404	0.002825404
0.002821556	0.002821556
0.002817708	0.002817708
0.00281386	0.00281386
0.002810011	0.002810011
0.002806163	0.002806163
0.002802315	0.002802315
0.002798467	0.002798467
0.002794619	0.002794619
0.002790771	0.002790771
0.002786923	0.002786923
0.002783075	0.002783075
0.002779227	0.002779227
0.002775379	0.002775379
0.002771531	0.002771531
0.002767683	0.002767683
0.002763835	0.002763835
0.002759987	0.002759987
0.002756139	0.002756139
0.002752291	0.002752291
0.002748443	0.002748443
0.002744595	0.002744595
0.002740746	0.002740746
0.002736899	0.002736899
0.002733051	0.002733051
0.002729202	0.002729202
0.002725354	0.002725354
0.002721506	0.002721506
0.002717658	0.002717658
0.00271381	0.00271381
0.002709962	0.002709962
0.002706114	0.002706114
0.002702266	0.002702266
0.002698418	0.002698418
0.00269457	0.00269457
0.002690722	0.002690722
0.002686874	0.002686874
0.002683026	0.002683026
0.002679178	0.002679178
0.00267533	0.00267533
0.002671482	0.002671482
0.002667634	0.002667634
0.002663786	0.002663786
0.002659937	0.002659937
0.002656089	0.002656089
0.002652241	0.002652241
0.002648393	0.002648393
0.002644545	0.002644545
0.002640697	0.002640697
0.002636849	0.002636849
0.002633001	0.002633001
0.002629153	0.002629153
0.002625305	0.002625305
0.002621457	0.002621457
0.002617609	0.002617609
0.002613761	0.002613761
0.002609913	0.002609913
0.002606065	0.002606065
0.002602217	0.002602217
0.002598368	0.002598368
0.00259452	0.00259452
0.002590672	0.002590672
0.002586824	0.002586824
0.002582976	0.002582976
0.002579128	0.002579128
0.00257528	0.00257528
0.002571432	0.002571432
0.002567584	0.002567584
0.002563736	0.002563736
0.002559887	0.002559887
0.002556039	0.002556039
0.002552191	0.002552191
0.002548343	0.002548343
0.002544495	0.002544495
0.002540647	0.002540647
0.002536799	0.002536799
0.002532951	0.002532951
0.002529103	0.002529103
0.002525255	0.002525255
0.002521406	0.002521406
0.002517558	0.002517558
0.00251371	0.00251371
0.002509862	0.002509862
0.002506014	0.002506014
0.002502166	0.002502166
0.002498318	0.002498318
0.00249447	0.00249447
0.002490621	0.002490621
0.002486773	0.002486773
0.002482925	0.002482925
0.002479077	0.002479077
0.002475229	0.002475229
0.002471381	0.002471381
0.002467533	0.002467533
0.002463685	0.002463685
0.002459837	0.002459837
0.002455989	0.002455989
0.002452141	0.002452141
0.002448292	0.002448292
0.002444444	0.002444444
0.002440596	0.002440596
0.002436748	0.002436748
0.0024329	0.0024329
0.002429052	0.002429052
0.002425204	0.002425204
0.002421356	0.002421356
0.002417508	0.002417508
0.00241366	0.00241366
0.002409811	0.002409811
0.002405963	0.002405963
0.002402115	0.002402115
0.002398267	0.002398267
0.002394419	0.002394419
0.002390571	0.002390571
0.002386723	0.002386723
0.002382875	0.002382875
0.002379027	0.002379027
0.002375178	0.002375178
0.00237133	0.00237133
0.002367482	0.002367482
0.002363634	0.002363634
0.002359786	0.002359786
0.002355938	0.002355938
0.00235209	0.00235209
0.002348242	0.002348242
0.002344394	0.002344394
0.002340546	0.002340546
0.002336697	0.002336697
0.002332849	0.002332849
0.002329001	0.002329001
0.002325153	0.002325153
0.002321305	0.002321305
0.002317457	0.002317457
0.002313609	0.002313609
0.002309761	0.002309761
0.002305912	0.002305912
0.002302064	0.002302064
0.002298216	0.002298216
0.002294368	0.002294368
0.00229052	0.00229052
0.002286672	0.002286672
0.002282824	0.002282824
0.002278976	0.002278976
0.002275128	0.002275128
0.00227128	0.00227128
0.002267432	0.002267432
0.002263584	0.002263584
0.002259736	0.002259736
0.002255887	0.002255887
0.002252039	0.002252039
0.002248191	0.002248191
0.002244343	0.002244343
0.002240495	0.002240495
0.002236647	0.002236647
0.002232799	0.002232799
0.002228951	0.002228951
0.002225103	0.002225103
0.002221255	0.002221255
0.002217407	0.002217407
0.002213559	0.002213559
0.00220971	0.00220971
0.002205862	0.002205862
0.002202014	0.002202014
0.002198166	0.002198166
0.002194318	0.002194318
0.00219047	0.00219047
0.002186622	0.002186622
0.002182774	0.002182774
0.002178926	0.002178926
0.002175078	0.002175078
0.00217123	0.00217123
0.002167382	0.002167382
0.002163533	0.002163533
0.002159685	0.002159685
0.002155837	0.002155837
0.002151989	0.002151989
0.002148141	0.002148141
0.002144293	0.002144293
0.002140445	0.002140445
0.002136597	0.002136597
0.002132749	0.002132749
0.002128901	0.002128901
0.002125053	0.002125053
0.002121204	0.002121204
0.002117357	0.002117357
0.002113509	0.002113509
0.00210966	0.00210966
0.002105812	0.002105812
0.002101964	0.002101964
	
