1	1	1
1	2	0.169599
1	3	0.282126
1	4	0.25615
1	5	0.420913
1	6	0.493473
1	7	0.383985
1	8	0.342678
1	9	0.227698
1	10	0.341189
1	11	0.2041
1	12	0.20636
1	13	0.352118
1	14	0.29908
1	15	0.304513
1	16	0.310452
1	17	0.288624
1	18	0.255731
1	19	0.498055
1	20	0.327585
1	21	0.384145
1	22	0.251654
1	23	0.320735
1	24	0.313059
1	25	0.248104
1	26	0.347169
1	27	0.451506
1	28	0.255272
1	29	0.364327
1	30	0.207271
1	31	0.294984
1	32	0.342115
1	33	0.285291
1	34	0.29306
1	35	0.377035
1	36	0.2644
1	37	0.205011
1	38	0.352726
1	39	0.258737
1	40	0.152305
1	41	0.323502
1	42	0.229817
1	43	0.358845
1	44	0.548195
1	45	0.277757
1	46	0.188812
1	47	0.350728
1	48	0.317354
1	49	0.252096
1	50	0.366956
1	51	0.390219
1	52	0.359467
1	53	0.316784
1	54	0.196109
1	55	0.153519
1	56	0.203489
1	57	0.319185
1	58	0.305682
1	59	0.298051
1	60	0.327673
1	61	0.295715
1	62	0.382286
1	63	0.244049
1	64	0.236321
1	65	0.373599
1	66	0.294772
1	67	0.135415
1	68	0.43952
1	69	0.295305
1	70	0.376196
1	71	0.157164
1	72	0.23317
1	73	0.378613
1	74	0.256878
1	75	0.317843
1	76	0.209799
1	77	0.318097
1	78	0.308835
1	79	0.338496
1	80	0.446822
1	81	0.398948
1	82	0.123455
1	83	0.310327
1	84	0.235339
1	85	0.241057
1	86	0.365122
1	87	0.196632
1	88	0.325126
1	89	0.147102
2	2	1
2	3	0.108874
2	4	0.168115
2	5	0.266227
2	6	0.291169
2	7	0.156167
2	8	0.146791
2	9	0.108278
2	10	0.218066
2	11	0.174412
2	12	0.223987
2	13	0.137744
2	14	0.131186
2	15	0.173966
2	16	0.209993
2	17	0.219688
2	18	0.141412
2	19	0.289213
2	20	0.075832
2	21	0.213492
2	22	0.27929
2	23	0.068647
2	24	0.139222
2	25	0.098381
2	26	0.183984
2	27	0.211545
2	28	0.113827
2	29	0.24149
2	30	0.092826
2	31	0.133796
2	32	0.154218
2	33	0.004328
2	34	0.148905
2	35	0.071864
2	36	0.175113
2	37	0.909412
2	38	0.225511
2	39	0.164387
2	40	0.14811
2	41	0.083553
2	42	0.264821
2	43	0.072611
2	44	0.305565
2	45	0.076256
2	46	0.156487
2	47	0.126375
2	48	0.219229
2	49	0.26691
2	50	0.177579
2	51	0.196028
2	52	0.106991
2	53	0.170547
2	54	0.161574
2	55	0.193789
2	56	0.159224
2	57	0.143117
2	58	0.141191
2	59	0.180765
2	60	0.135021
2	61	0.213742
2	62	0.153639
2	63	0.093647
2	64	0.098003
2	65	0.124185
2	66	0.163935
2	67	0.113686
2	68	0.225485
2	69	0.155014
2	70	0.248069
2	71	0.055919
2	72	0.042729
2	73	0.236877
2	74	0.177073
2	75	0.090441
2	76	0.154308
2	77	0.215822
2	78	0.164106
2	79	0.204064
2	80	0.25652
2	81	0.19012
2	82	0.099085
2	83	0.232593
2	84	0.159448
2	85	0.157207
2	86	0.239582
2	87	0.043924
2	88	0.106626
2	89	0.071266
3	3	1
3	4	0.080148
3	5	0.246958
3	6	0.260795
3	7	0.286037
3	8	0.141441
3	9	0.14807
3	10	0.206515
3	11	0.244321
3	12	0.193189
3	13	0.17959
3	14	0.224661
3	15	0.139794
3	16	0.275912
3	17	0.130954
3	18	0.128498
3	19	0.221376
3	20	0.168424
3	21	0.210487
3	22	0.099152
3	23	0.152687
3	24	0.182655
3	25	0.1147
3	26	0.037973
3	27	0.264424
3	28	0.136518
3	29	0.177224
3	30	0.139705
3	31	0.20505
3	32	0.31714
3	33	0.527439
3	34	0.163213
3	35	0.125948
3	36	0.081663
3	37	0.108263
3	38	0.110879
3	39	0.19535
3	40	0.154847
3	41	0.235567
3	42	0.02006
3	43	0.258393
3	44	0.236907
3	45	0.230319
3	46	0.233175
3	47	0.22412
3	48	0.139469
3	49	0.026234
3	50	0.187432
3	51	0.255328
3	52	0.166961
3	53	0.172678
3	54	0.08045
3	55	0.174315
3	56	0.077613
3	57	0.184244
3	58	0.091764
3	59	0.099959
3	60	0.09765
3	61	0.127009
3	62	0.229893
3	63	0.090466
3	64	0.091023
3	65	0.177173
3	66	0.111895
3	67	0.054502
3	68	0.194366
3	69	0.192525
3	70	0.147322
3	71	0.102854
3	72	0.204564
3	73	0.182466
3	74	0.170495
3	75	0.342846
3	76	0.165029
3	77	0.178628
3	78	0.258289
3	79	0.095112
3	80	0.135432
3	81	0.188495
3	82	0.133714
3	83	0.150469
3	84	0.117481
3	85	0.121911
3	86	0.201234
3	87	0.139643
3	88	0.209157
3	89	0.123615
4	4	1
4	5	0.307325
4	6	0.324102
4	7	0.301013
4	8	0.379879
4	9	0.355954
4	10	0.173163
4	11	0.183944
4	12	0.251167
4	13	0.354531
4	14	0.310348
4	15	0.293477
4	16	0.168641
4	17	0.153896
4	18	0.221136
4	19	0.259696
4	20	0.154439
4	21	0.311904
4	22	0.209322
4	23	0.257111
4	24	0.156504
4	25	0.189827
4	26	0.359832
4	27	0.297641
4	28	0.297031
4	29	0.278076
4	30	0.206193
4	31	0.333372
4	32	0.242867
4	33	0.157304
4	34	0.234146
4	35	0.326294
4	36	0.24851
4	37	0.207579
4	38	0.251991
4	39	0.161607
4	40	0.1439
4	41	0.180295
4	42	0.238052
4	43	0.265859
4	44	0.339522
4	45	0.325029
4	46	0.097249
4	47	0.371753
4	48	0.277211
4	49	0.417092
4	50	0.280342
4	51	0.271383
4	52	0.351014
4	53	0.277911
4	54	0.238021
4	55	0.14889
4	56	0.291526
4	57	0.319954
4	58	0.243868
4	59	0.232505
4	60	0.271326
4	61	0.210228
4	62	0.204406
4	63	0.248518
4	64	0.324011
4	65	0.201747
4	66	0.082401
4	67	0.100302
4	68	0.307274
4	69	0.118325
4	70	0.242484
4	71	0.334283
4	72	0.327078
4	73	0.289068
4	74	0.174003
4	75	0.249128
4	76	0.066097
4	77	0.21364
4	78	0.254893
4	79	0.192769
4	80	0.285746
4	81	0.247382
4	82	0.451338
4	83	0.24982
4	84	0.22671
4	85	0.257971
4	86	0.283305
4	87	0.332236
4	88	0.312144
4	89	0.301345
5	5	1
5	6	0.573651
5	7	0.273283
5	8	0.334155
5	9	0.210999
5	10	0.321043
5	11	0.232618
5	12	0.139028
5	13	0.33566
5	14	0.314761
5	15	0.315765
5	16	0.210245
5	17	0.186489
5	18	0.282701
5	19	0.577555
5	20	0.186713
5	21	0.356609
5	22	0.319199
5	23	0.248792
5	24	0.214023
5	25	0.248534
5	26	0.344185
5	27	0.4286
5	28	0.181899
5	29	0.451449
5	30	0.291821
5	31	0.309749
5	32	0.292711
5	33	0.238094
5	34	0.250613
5	35	0.240618
5	36	0.217308
5	37	0.289878
5	38	0.429273
5	39	0.340862
5	40	0.18698
5	41	0.255532
5	42	0.284568
5	43	0.306249
5	44	0.487215
5	45	0.24445
5	46	0.276861
5	47	0.273225
5	48	0.313334
5	49	0.245338
5	50	0.302259
5	51	0.34729
5	52	0.28904
5	53	0.270178
5	54	0.173511
5	55	0.12048
5	56	0.24813
5	57	0.31529
5	58	0.343972
5	59	0.252762
5	60	0.258163
5	61	0.237158
5	62	0.303015
5	63	0.18413
5	64	0.316872
5	65	0.234593
5	66	0.227204
5	67	0.152928
5	68	0.474751
5	69	0.231567
5	70	0.407969
5	71	0.252381
5	72	0.24955
5	73	0.387043
5	74	0.186173
5	75	0.221788
5	76	0.231522
5	77	0.224591
5	78	0.271199
5	79	0.396952
5	80	0.408829
5	81	0.332569
5	82	0.174326
5	83	0.277029
5	84	0.257568
5	85	0.187951
5	86	0.301556
5	87	0.158283
5	88	0.326521
5	89	0.185856
6	6	1
6	7	0.311591
6	8	0.351631
6	9	0.242605
6	10	0.350975
6	11	0.301191
6	12	0.152272
6	13	0.365833
6	14	0.337918
6	15	0.308429
6	16	0.231396
6	17	0.310861
6	18	0.366952
6	19	0.545757
6	20	0.239705
6	21	0.40139
6	22	0.244997
6	23	0.321133
6	24	0.273888
6	25	0.227371
6	26	0.370725
6	27	0.53741
6	28	0.182556
6	29	0.43767
6	30	0.182332
6	31	0.402444
6	32	0.317521
6	33	0.237227
6	34	0.335011
6	35	0.319526
6	36	0.291162
6	37	0.327758
6	38	0.542877
6	39	0.315136
6	40	0.236471
6	41	0.381152
6	42	0.270284
6	43	0.311225
6	44	0.700592
6	45	0.283586
6	46	0.199018
6	47	0.272303
6	48	0.35994
6	49	0.336805
6	50	0.370288
6	51	0.405079
6	52	0.348381
6	53	0.325591
6	54	0.261055
6	55	0.152314
6	56	0.299578
6	57	0.423239
6	58	0.386182
6	59	0.298553
6	60	0.340287
6	61	0.39154
6	62	0.341852
6	63	0.271534
6	64	0.222734
6	65	0.325137
6	66	0.332103
6	67	0.17789
6	68	0.57049
6	69	0.289631
6	70	0.425194
6	71	0.1675
6	72	0.224281
6	73	0.417318
6	74	0.240642
6	75	0.244614
6	76	0.238785
6	77	0.191417
6	78	0.308246
6	79	0.491196
6	80	0.539408
6	81	0.40294
6	82	0.220308
6	83	0.351294
6	84	0.369351
6	85	0.163454
6	86	0.344398
6	87	0.22006
6	88	0.327689
6	89	0.245805
7	7	1
7	8	0.361274
7	9	0.359287
7	10	0.247275
7	11	0.357437
7	12	0.265977
7	13	0.27535
7	14	0.348609
7	15	0.336487
7	16	0.346258
7	17	0.292544
7	18	0.30412
7	19	0.336291
7	20	0.255986
7	21	0.381177
7	22	0.221326
7	23	0.31057
7	24	0.201652
7	25	0.337101
7	26	0.316623
7	27	0.356393
7	28	0.209257
7	29	0.272587
7	30	0.19089
7	31	0.429701
7	32	0.375978
7	33	0.254748
7	34	0.288376
7	35	0.365535
7	36	0.335353
7	37	0.190246
7	38	0.299552
7	39	0.212802
7	40	0.270512
7	41	0.38032
7	42	0.247775
7	43	0.435989
7	44	0.341216
7	45	0.234004
7	46	0.258189
7	47	0.251106
7	48	0.242016
7	49	0.319675
7	50	0.290036
7	51	0.48763
7	52	0.231315
7	53	0.319895
7	54	0.203647
7	55	0.192358
7	56	0.166074
7	57	0.322639
7	58	0.383183
7	59	0.273656
7	60	0.341898
7	61	0.195686
7	62	0.226637
7	63	0.435792
7	64	0.285674
7	65	0.162094
7	66	0.188151
7	67	0.185987
7	68	0.311291
7	69	0.179014
7	70	0.240594
7	71	0.111518
7	72	0.353801
7	73	0.371153
7	74	0.254861
7	75	0.32969
7	76	0.139718
7	77	0.274701
7	78	0.340544
7	79	0.211312
7	80	0.306145
7	81	0.373362
7	82	0.32633
7	83	0.246268
7	84	0.281236
7	85	0.377869
7	86	0.330812
7	87	0.295773
7	88	0.206784
7	89	0.232034
8	8	1
8	9	0.490154
8	10	0.287904
8	11	0.230783
8	12	0.15235
8	13	0.575618
8	14	0.408535
8	15	0.270009
8	16	0.225449
8	17	0.163113
8	18	0.370034
8	19	0.311002
8	20	0.308956
8	21	0.372469
8	22	0.260288
8	23	0.287111
8	24	0.348876
8	25	0.329179
8	26	0.274737
8	27	0.327132
8	28	0.310258
8	29	0.348779
8	30	0.283989
8	31	0.354319
8	32	0.254266
8	33	0.173542
8	34	0.316043
8	35	0.45026
8	36	0.294918
8	37	0.161561
8	38	0.327181
8	39	0.215674
8	40	0.164397
8	41	0.315831
8	42	0.267602
8	43	0.368605
8	44	0.358356
8	45	0.397948
8	46	0.178876
8	47	0.228708
8	48	0.211314
8	49	0.36497
8	50	0.290577
8	51	0.332482
8	52	0.234393
8	53	0.234812
8	54	0.326943
8	55	0.089187
8	56	0.274846
8	57	0.283518
8	58	0.409139
8	59	0.15579
8	60	0.245152
8	61	0.192482
8	62	0.315758
8	63	0.245939
8	64	0.58945
8	65	0.263991
8	66	0.184111
8	67	0.18985
8	68	0.406276
8	69	0.157069
8	70	0.274672
8	71	0.243005
8	72	0.336749
8	73	0.393735
8	74	0.202026
8	75	0.191769
8	76	0.231304
8	77	0.330504
8	78	0.373946
8	79	0.237235
8	80	0.361181
8	81	0.311569
8	82	0.47921
8	83	0.164366
8	84	0.316409
8	85	0.272282
8	86	0.287024
8	87	0.420324
8	88	0.216157
8	89	0.288358
9	9	1
9	10	0.238445
9	11	0.327266
9	12	0.099457
9	13	0.456152
9	14	0.392907
9	15	0.253715
9	16	0.176945
9	17	0.157316
9	18	0.282279
9	19	0.200053
9	20	0.317364
9	21	0.315056
9	22	0.252682
9	23	0.265592
9	24	0.197412
9	25	0.423685
9	26	0.242692
9	27	0.316523
9	28	0.26558
9	29	0.2694
9	30	0.230757
9	31	0.390536
9	32	0.384146
9	33	0.12083
9	34	0.288084
9	35	0.34899
9	36	0.351956
9	37	0.111743
9	38	0.297419
9	39	0.095463
9	40	0.20504
9	41	0.332078
9	42	0.261261
9	43	0.384789
9	44	0.290355
9	45	0.355408
9	46	0.214811
9	47	0.368248
9	48	0.098919
9	49	0.394411
9	50	0.234322
9	51	0.337483
9	52	0.205096
9	53	0.300759
9	54	0.26554
9	55	0.098079
9	56	0.315383
9	57	0.274248
9	58	0.368608
9	59	0.215272
9	60	0.291681
9	61	0.054871
9	62	0.297664
9	63	0.23392
9	64	0.398251
9	65	0.123887
9	66	0.103459
9	67	0.139385
9	68	0.318038
9	69	0.09902
9	70	0.286708
9	71	0.146699
9	72	0.470014
9	73	0.284903
9	74	0.306249
9	75	0.256844
9	76	0.159418
9	77	0.23369
9	78	0.333
9	79	0.182994
9	80	0.299076
9	81	0.316766
9	82	0.469054
9	83	0.092799
9	84	0.279654
9	85	0.369523
9	86	0.249242
9	87	0.544239
9	88	0.223875
9	89	0.348475
10	10	1
10	11	0.161768
10	12	0.091938
10	13	0.262041
10	14	0.29876
10	15	0.141224
10	16	0.135257
10	17	0.080119
10	18	0.2068
10	19	0.337674
10	20	0.242483
10	21	0.250934
10	22	0.286737
10	23	0.270062
10	24	0.219859
10	25	0.26129
10	26	0.193003
10	27	0.296461
10	28	0.127942
10	29	0.504427
10	30	0.222872
10	31	0.107917
10	32	0.261897
10	33	0.190709
10	34	0.45235
10	35	0.169499
10	36	0.191848
10	37	0.237903
10	38	0.35532
10	39	0.218381
10	40	0.12939
10	41	0.183278
10	42	0.22586
10	43	0.197678
10	44	0.356115
10	45	0.317359
10	46	0.220417
10	47	0.170527
10	48	0.216848
10	49	0.25782
10	50	0.24975
10	51	0.209867
10	52	0.196968
10	53	0.226575
10	54	0.193323
10	55	0.038543
10	56	0.24268
10	57	0.260738
10	58	0.259767
10	59	0.188642
10	60	0.299002
10	61	0.260374
10	62	0.322485
10	63	0.16618
10	64	0.275435
10	65	0.246849
10	66	0.184849
10	67	0.125862
10	68	0.317603
10	69	0.141628
10	70	0.319133
10	71	0.151391
10	72	0.169485
10	73	0.378058
10	74	0.185854
10	75	0.299604
10	76	0.306618
10	77	0.203852
10	78	0.321407
10	79	0.317997
10	80	0.376897
10	81	0.339249
10	82	0.144724
10	83	0.210011
10	84	0.085859
10	85	0.137777
10	86	0.206945
10	87	0.1691
10	88	0.252398
10	89	0.102656
11	11	1
11	12	0.292391
11	13	0.302112
11	14	0.275169
11	15	0.206871
11	16	0.318868
11	17	0.227088
11	18	0.249375
11	19	0.272524
11	20	0.223288
11	21	0.303838
11	22	0.14565
11	23	0.208568
11	24	0.21521
11	25	0.300209
11	26	0.250225
11	27	0.300165
11	28	0.220645
11	29	0.2863
11	30	0.083122
11	31	0.386146
11	32	0.234399
11	33	0.138807
11	34	0.196103
11	35	0.233265
11	36	0.122633
11	37	0.209863
11	38	0.205071
11	39	0.22647
11	40	0.261237
11	41	0.297348
11	42	0.118953
11	43	0.258026
11	44	0.277536
11	45	0.285841
11	46	0.316949
11	47	0.255296
11	48	0.10797
11	49	0.281368
11	50	0.251169
11	51	0.267134
11	52	0.211786
11	53	0.22312
11	54	0.192635
11	55	0.252213
11	56	0.134494
11	57	0.15371
11	58	0.362079
11	59	0.164416
11	60	0.206381
11	61	0.151656
11	62	0.200995
11	63	0.239081
11	64	0.254857
11	65	0.099763
11	66	0.226507
11	67	0.179875
11	68	0.286827
11	69	0.158711
11	70	0.152964
11	71	0.122704
11	72	0.313939
11	73	0.340148
11	74	0.197862
11	75	0.249582
11	76	0.202254
11	77	0.16757
11	78	0.329233
11	79	0.267377
11	80	0.277484
11	81	0.197674
11	82	0.282552
11	83	0.140503
11	84	0.19482
11	85	0.297062
11	86	0.242823
11	87	0.302284
11	88	0.263431
11	89	0.343247
12	12	1
12	13	0.120213
12	14	0.164998
12	15	0.227923
12	16	0.656806
12	17	0.618447
12	18	0.238323
12	19	0.137415
12	20	0.232066
12	21	0.238286
12	22	0.15899
12	23	0.151955
12	24	0.192751
12	25	0.21048
12	26	0.197956
12	27	0.242143
12	28	0.138376
12	29	0.130345
12	30	0.183365
12	31	0.302704
12	32	0.206116
12	33	0.093825
12	34	0.133801
12	35	0.19665
12	36	0.10212
12	37	0.226508
12	38	0.130235
12	39	0.262088
12	40	0.19865
12	41	0.178478
12	42	0.121311
12	43	0.206456
12	44	0.149733
12	45	0.126628
12	46	0.09225
12	47	0.095276
12	48	0.269696
12	49	0.145188
12	50	0.194721
12	51	0.272433
12	52	0.107654
12	53	0.140182
12	54	0.116065
12	55	0.412461
12	56	0.093731
12	57	0.179918
12	58	0.174175
12	59	0.181053
12	60	0.23105
12	61	0.235533
12	62	0.150756
12	63	0.345743
12	64	0.139029
12	65	0.142535
12	66	0.207314
12	67	0.225114
12	68	0.195493
12	69	0.217621
12	70	0.144688
12	71	0.077849
12	72	0.206829
12	73	0.15303
12	74	0.197008
12	75	0.196808
12	76	0.121478
12	77	0.316801
12	78	0.316358
12	79	0.176838
12	80	0.228381
12	81	0.216443
12	82	0.150109
12	83	0.276579
12	84	0.101809
12	85	0.145976
12	86	0.233036
12	87	0.154722
12	88	0.129533
12	89	0.053414
13	13	1
13	14	0.408566
13	15	0.382332
13	16	0.24804
13	17	0.207191
13	18	0.295072
13	19	0.35545
13	20	0.378227
13	21	0.360021
13	22	0.279278
13	23	0.321246
13	24	0.265208
13	25	0.337448
13	26	0.345777
13	27	0.352152
13	28	0.33783
13	29	0.273358
13	30	0.302694
13	31	0.38535
13	32	0.368854
13	33	0.186265
13	34	0.299837
13	35	0.368588
13	36	0.337479
13	37	0.163628
13	38	0.409122
13	39	0.174993
13	40	0.286151
13	41	0.312087
13	42	0.303805
13	43	0.358569
13	44	0.394061
13	45	0.383745
13	46	0.283914
13	47	0.389726
13	48	0.174186
13	49	0.430005
13	50	0.337416
13	51	0.361444
13	52	0.282874
13	53	0.374487
13	54	0.311589
13	55	0.140673
13	56	0.272675
13	57	0.312423
13	58	0.438634
13	59	0.331447
13	60	0.318564
13	61	0.161667
13	62	0.320958
13	63	0.238524
13	64	0.561229
13	65	0.272586
13	66	0.161356
13	67	0.14352
13	68	0.408234
13	69	0.119357
13	70	0.365929
13	71	0.198162
13	72	0.410036
13	73	0.390765
13	74	0.280353
13	75	0.284232
13	76	0.264457
13	77	0.292717
13	78	0.293363
13	79	0.331411
13	80	0.454186
13	81	0.398356
13	82	0.431083
13	83	0.164858
13	84	0.306997
13	85	0.332301
13	86	0.314805
13	87	0.400536
13	88	0.243954
13	89	0.3011
14	14	1
14	15	0.381755
14	16	0.219014
14	17	0.210983
14	18	0.363524
14	19	0.352652
14	20	0.339188
14	21	0.352435
14	22	0.230029
14	23	0.316593
14	24	0.294937
14	25	0.393775
14	26	0.31342
14	27	0.350048
14	28	0.376813
14	29	0.353385
14	30	0.276265
14	31	0.329068
14	32	0.324773
14	33	0.223285
14	34	0.245102
14	35	0.307276
14	36	0.31586
14	37	0.140492
14	38	0.393385
14	39	0.226385
14	40	0.278833
14	41	0.356279
14	42	0.164243
14	43	0.359052
14	44	0.386101
14	45	0.26624
14	46	0.25722
14	47	0.325945
14	48	0.125568
14	49	0.315099
14	50	0.324536
14	51	0.355309
14	52	0.328198
14	53	0.26658
14	54	0.271522
14	55	0.120685
14	56	0.307105
14	57	0.306573
14	58	0.354137
14	59	0.264636
14	60	0.305898
14	61	0.114892
14	62	0.3277
14	63	0.305553
14	64	0.387122
14	65	0.168795
14	66	0.165024
14	67	0.178998
14	68	0.369056
14	69	0.147682
14	70	0.302446
14	71	0.099492
14	72	0.382425
14	73	0.33149
14	74	0.367501
14	75	0.323617
14	76	0.278812
14	77	0.308779
14	78	0.444214
14	79	0.264088
14	80	0.281646
14	81	0.391295
14	82	0.435851
14	83	0.098777
14	84	0.207672
14	85	0.286159
14	86	0.288408
14	87	0.404082
14	88	0.319157
14	89	0.317382
15	15	1
15	16	0.291992
15	17	0.241489
15	18	0.291028
15	19	0.271716
15	20	0.292964
15	21	0.290401
15	22	0.344053
15	23	0.234788
15	24	0.288634
15	25	0.342249
15	26	0.421842
15	27	0.356865
15	28	0.217767
15	29	0.273289
15	30	0.296998
15	31	0.453585
15	32	0.376849
15	33	0.107465
15	34	0.256643
15	35	0.281566
15	36	0.317307
15	37	0.19658
15	38	0.352897
15	39	0.203945
15	40	0.195047
15	41	0.384217
15	42	0.162509
15	43	0.348427
15	44	0.301827
15	45	0.228641
15	46	0.251829
15	47	0.334985
15	48	0.216488
15	49	0.305118
15	50	0.275148
15	51	0.407312
15	52	0.350192
15	53	0.326405
15	54	0.245177
15	55	0.135701
15	56	0.191709
15	57	0.230427
15	58	0.325218
15	59	0.400702
15	60	0.375698
15	61	0.085228
15	62	0.286741
15	63	0.319064
15	64	0.288085
15	65	0.25085
15	66	0.183047
15	67	0.188856
15	68	0.354937
15	69	0.166944
15	70	0.328728
15	71	0.080127
15	72	0.347922
15	73	0.228289
15	74	0.233371
15	75	0.341273
15	76	0.189413
15	77	0.317165
15	78	0.298796
15	79	0.275315
15	80	0.297971
15	81	0.442001
15	82	0.237452
15	83	0.147867
15	84	0.200336
15	85	0.269217
15	86	0.226809
15	87	0.342134
15	88	0.300088
15	89	0.200777
16	16	1
16	17	0.618987
16	18	0.261362
16	19	0.291998
16	20	0.307858
16	21	0.346964
16	22	0.220764
16	23	0.155429
16	24	0.194139
16	25	0.24539
16	26	0.169981
16	27	0.265419
16	28	0.127759
16	29	0.203605
16	30	0.210276
16	31	0.401838
16	32	0.272736
16	33	0.123418
16	34	0.114226
16	35	0.27886
16	36	0.175938
16	37	0.230835
16	38	0.204
16	39	0.269971
16	40	0.261226
16	41	0.265691
16	42	0.216961
16	43	0.244836
16	44	0.190827
16	45	0.205694
16	46	0.188968
16	47	0.134048
16	48	0.186633
16	49	0.198685
16	50	0.2199
16	51	0.36648
16	52	0.146138
16	53	0.150827
16	54	0.252899
16	55	0.457782
16	56	0.060463
16	57	0.188217
16	58	0.182403
16	59	0.20909
16	60	0.293707
16	61	0.188407
16	62	0.192565
16	63	0.293144
16	64	0.192599
16	65	0.158423
16	66	0.184579
16	67	0.220347
16	68	0.231676
16	69	0.164311
16	70	0.200326
16	71	0.091095
16	72	0.240415
16	73	0.221196
16	74	0.215262
16	75	0.189198
16	76	0.111192
16	77	0.311161
16	78	0.307795
16	79	0.2235
16	80	0.265671
16	81	0.261686
16	82	0.17692
16	83	0.236653
16	84	0.22041
16	85	0.144815
16	86	0.180139
16	87	0.218622
16	88	0.252591
16	89	0.142342
17	17	1
17	18	0.278151
17	19	0.286671
17	20	0.226873
17	21	0.323703
17	22	0.145091
17	23	0.203945
17	24	0.20492
17	25	0.257362
17	26	0.215603
17	27	0.22163
17	28	0.111867
17	29	0.164522
17	30	0.184035
17	31	0.361598
17	32	0.193682
17	33	0.141236
17	34	0.154722
17	35	0.224524
17	36	0.132511
17	37	0.250407
17	38	0.223783
17	39	0.165005
17	40	0.174536
17	41	0.258949
17	42	0.221119
17	43	0.206676
17	44	0.235529
17	45	0.137036
17	46	0.121165
17	47	0.133111
17	48	0.221544
17	49	0.181701
17	50	0.284704
17	51	0.335711
17	52	0.130703
17	53	0.19328
17	54	0.1854
17	55	0.380982
17	56	0.118547
17	57	0.181543
17	58	0.184578
17	59	0.23577
17	60	0.218922
17	61	0.218403
17	62	0.124768
17	63	0.238966
17	64	0.217328
17	65	0.165818
17	66	0.223387
17	67	0.158786
17	68	0.242108
17	69	0.189053
17	70	0.207621
17	71	0.031959
17	72	0.225721
17	73	0.227892
17	74	0.136423
17	75	0.158422
17	76	0.101534
17	77	0.29412
17	78	0.252092
17	79	0.247839
17	80	0.273682
17	81	0.218126
17	82	0.172987
17	83	0.208846
17	84	0.178073
17	85	0.144292
17	86	0.225859
17	87	0.188374
17	88	0.117868
17	89	0.115663
18	18	1
18	19	0.297759
18	20	0.151078
18	21	0.515924
18	22	0.210385
18	23	0.214104
18	24	0.252086
18	25	0.314873
18	26	0.361078
18	27	0.335151
18	28	0.186139
18	29	0.339075
18	30	0.395511
18	31	0.425109
18	32	0.225669
18	33	0.156119
18	34	0.300737
18	35	0.460558
18	36	0.241666
18	37	0.181433
18	38	0.314403
18	39	0.286328
18	40	0.103151
18	41	0.36628
18	42	0.165019
18	43	0.15247
18	44	0.365305
18	45	0.267993
18	46	0.249995
18	47	0.217589
18	48	0.341851
18	49	0.271138
18	50	0.39356
18	51	0.39345
18	52	0.260401
18	53	0.288832
18	54	0.225618
18	55	0.278565
18	56	0.221476
18	57	0.253228
18	58	0.286638
18	59	0.220756
18	60	0.252756
18	61	0.36219
18	62	0.294375
18	63	0.311338
18	64	0.344829
18	65	0.211128
18	66	0.322945
18	67	0.234893
18	68	0.366514
18	69	0.318533
18	70	0.266966
18	71	0.141748
18	72	0.323336
18	73	0.296584
18	74	0.184447
18	75	0.171431
18	76	0.244467
18	77	0.261766
18	78	0.305264
18	79	0.289315
18	80	0.314213
18	81	0.32938
18	82	0.339601
18	83	0.32014
18	84	0.465783
18	85	0.145434
18	86	0.336528
18	87	0.378614
18	88	0.299035
18	89	0.171443
19	19	1
19	20	0.174341
19	21	0.384716
19	22	0.325711
19	23	0.298109
19	24	0.247066
19	25	0.230412
19	26	0.338121
19	27	0.390007
19	28	0.248836
19	29	0.445166
19	30	0.290664
19	31	0.350467
19	32	0.267596
19	33	0.268266
19	34	0.258367
19	35	0.26368
19	36	0.26059
19	37	0.307784
19	38	0.430017
19	39	0.335574
19	40	0.148266
19	41	0.360266
19	42	0.276797
19	43	0.316709
19	44	0.548826
19	45	0.184856
19	46	0.251611
19	47	0.258089
19	48	0.262581
19	49	0.294785
19	50	0.332945
19	51	0.376103
19	52	0.268727
19	53	0.287358
19	54	0.163873
19	55	0.147298
19	56	0.218002
19	57	0.255424
19	58	0.381968
19	59	0.299413
19	60	0.230746
19	61	0.235832
19	62	0.285075
19	63	0.212361
19	64	0.310014
19	65	0.240627
19	66	0.301926
19	67	0.137484
19	68	0.425578
19	69	0.296208
19	70	0.392668
19	71	0.077492
19	72	0.270076
19	73	0.391909
19	74	0.194485
19	75	0.218859
19	76	0.172741
19	77	0.209109
19	78	0.266517
19	79	0.318892
19	80	0.42661
19	81	0.399916
19	82	0.160265
19	83	0.264309
19	84	0.26117
19	85	0.1779
19	86	0.312293
19	87	0.158414
19	88	0.195517
19	89	0.159028
20	20	1
20	21	0.203325
20	22	0.262284
20	23	0.26338
20	24	0.24209
20	25	0.328438
20	26	0.102276
20	27	0.266171
20	28	0.196419
20	29	0.167867
20	30	0.203317
20	31	0.261251
20	32	0.331507
20	33	0.104416
20	34	0.225265
20	35	0.218123
20	36	0.243708
20	37	0.115216
20	38	0.25964
20	39	0.095139
20	40	0.239852
20	41	0.210534
20	42	0.142108
20	43	0.279117
20	44	0.199253
20	45	0.26148
20	46	0.168441
20	47	0.253999
20	48	0.13732
20	49	0.229444
20	50	0.250484
20	51	0.236475
20	52	0.212387
20	53	0.323813
20	54	0.24801
20	55	0.21966
20	56	0.112797
20	57	0.223756
20	58	0.22961
20	59	0.080771
20	60	0.31296
20	61	0.157998
20	62	0.209668
20	63	0.219113
20	64	0.280385
20	65	0.167241
20	66	0.083624
20	67	0.144237
20	68	0.260862
20	69	0.091495
20	70	0.274981
20	71	0.093575
20	72	0.330927
20	73	0.260705
20	74	0.241177
20	75	0.306562
20	76	0.15666
20	77	0.278896
20	78	0.259488
20	79	0.233462
20	80	0.281886
20	81	0.292892
20	82	0.209088
20	83	0.116419
20	84	0.127045
20	85	0.187597
20	86	0.209566
20	87	0.277357
20	88	0.241248
20	89	0.204089
21	21	1
21	22	0.170485
21	23	0.346208
21	24	0.267566
21	25	0.253196
21	26	0.332852
21	27	0.403489
21	28	0.311723
21	29	0.314302
21	30	0.393467
21	31	0.479885
21	32	0.28286
21	33	0.193956
21	34	0.339532
21	35	0.50916
21	36	0.267092
21	37	0.257095
21	38	0.308072
21	39	0.327029
21	40	0.151266
21	41	0.383991
21	42	0.333414
21	43	0.363763
21	44	0.412204
21	45	0.298493
21	46	0.168914
21	47	0.2816
21	48	0.297353
21	49	0.27593
21	50	0.552183
21	51	0.465959
21	52	0.315033
21	53	0.26412
21	54	0.19888
21	55	0.217805
21	56	0.233525
21	57	0.356865
21	58	0.350517
21	59	0.163342
21	60	0.303219
21	61	0.28792
21	62	0.320504
21	63	0.304084
21	64	0.320556
21	65	0.189297
21	66	0.249236
21	67	0.264332
21	68	0.393403
21	69	0.2482
21	70	0.246302
21	71	0.165499
21	72	0.311311
21	73	0.379073
21	74	0.222257
21	75	0.220063
21	76	0.267609
21	77	0.27283
21	78	0.320416
21	79	0.296173
21	80	0.430205
21	81	0.354817
21	82	0.297849
21	83	0.329805
21	84	0.494677
21	85	0.232999
21	86	0.369163
21	87	0.341178
21	88	0.296841
21	89	0.328785
22	22	1
22	23	0.209281
22	24	0.148979
22	25	0.313585
22	26	0.285702
22	27	0.317034
22	28	0.146426
22	29	0.322848
22	30	0.123544
22	31	0.327442
22	32	0.322703
22	33	0.047408
22	34	0.178423
22	35	0.13353
22	36	0.251253
22	37	0.281042
22	38	0.337524
22	39	0.148402
22	40	0.141047
22	41	0.269513
22	42	0.307694
22	43	0.248239
22	44	0.264863
22	45	0.208433
22	46	0.15537
22	47	0.247587
22	48	0.201067
22	49	0.292528
22	50	0.197379
22	51	0.340139
22	52	0.226486
22	53	0.251167
22	54	0.216006
22	55	0.091535
22	56	0.163592
22	57	0.26034
22	58	0.266745
22	59	0.244225
22	60	0.307995
22	61	0.164837
22	62	0.271548
22	63	0.187483
22	64	0.282901
22	65	0.25248
22	66	0.16113
22	67	0.128687
22	68	0.271235
22	69	0.16068
22	70	0.308492
22	71	0.100876
22	72	0.185136
22	73	0.31718
22	74	0.151879
22	75	0.164593
22	76	0.226229
22	77	0.206514
22	78	0.181816
22	79	0.297109
22	80	0.32482
22	81	0.328373
22	82	0.164322
22	83	0.169905
22	84	0.187019
22	85	0.21327
22	86	0.137391
22	87	0.25443
22	88	0.173767
22	89	0.16908
23	23	1
23	24	0.255367
23	25	0.139303
23	26	0.256775
23	27	0.333159
23	28	0.244783
23	29	0.317937
23	30	0.238696
23	31	0.350358
23	32	0.221134
23	33	0.284437
23	34	0.302758
23	35	0.273756
23	36	0.204999
23	37	0.133751
23	38	0.366051
23	39	0.219017
23	40	0.111107
23	41	0.199617
23	42	0.16907
23	43	0.343568
23	44	0.289217
23	45	0.314574
23	46	0.248356
23	47	0.280068
23	48	0.183909
23	49	0.254684
23	50	0.301822
23	51	0.300692
23	52	0.25347
23	53	0.18771
23	54	0.201713
23	55	0.070457
23	56	0.122076
23	57	0.291611
23	58	0.289603
23	59	0.242817
23	60	0.255656
23	61	0.146619
23	62	0.222763
23	63	0.258814
23	64	0.2392
23	65	0.173742
23	66	0.209502
23	67	0.235818
23	68	0.331965
23	69	0.164913
23	70	0.312756
23	71	0.018861
23	72	0.160537
23	73	0.281382
23	74	0.118308
23	75	0.204267
23	76	0.114641
23	77	0.291189
23	78	0.355089
23	79	0.323058
23	80	0.343333
23	81	0.313655
23	82	0.235064
23	83	0.173402
23	84	0.215518
23	85	0.318549
23	86	0.294936
23	87	0.230663
23	88	0.27342
23	89	0.254331
24	24	1
24	25	0.218954
24	26	0.149358
24	27	0.303641
24	28	0.254369
24	29	0.24944
24	30	0.28309
24	31	0.163082
24	32	0.184213
24	33	0.113957
24	34	0.254232
24	35	0.255357
24	36	0.094367
24	37	0.153116
24	38	0.270833
24	39	0.314561
24	40	0.203909
24	41	0.16118
24	42	0.184592
24	43	0.172356
24	44	0.297913
24	45	0.226026
24	46	0.178243
24	47	0.130444
24	48	0.245168
24	49	0.233821
24	50	0.2837
24	51	0.239962
24	52	0.144886
24	53	0.240065
24	54	0.131356
24	55	0.103478
24	56	0.104131
24	57	0.208974
24	58	0.284269
24	59	0.211075
24	60	0.128119
24	61	0.220989
24	62	0.285838
24	63	0.134423
24	64	0.248018
24	65	0.250981
24	66	0.254959
24	67	0.192088
24	68	0.2786
24	69	0.206499
24	70	0.278836
24	71	0.121856
24	72	0.281697
24	73	0.37037
24	74	0.263289
24	75	0.177815
24	76	0.266455
24	77	0.323585
24	78	0.221422
24	79	0.247422
24	80	0.258334
24	81	0.252571
24	82	0.202687
24	83	0.211463
24	84	0.146966
24	85	0.201928
24	86	0.265986
24	87	0.189543
24	88	0.190113
24	89	0.212105
25	25	1
25	26	0.285531
25	27	0.293427
25	28	0.176187
25	29	0.202883
25	30	0.204958
25	31	0.382481
25	32	0.331622
25	33	0.167336
25	34	0.243572
25	35	0.31772
25	36	0.211599
25	37	0.110999
25	38	0.352986
25	39	0.218679
25	40	0.266516
25	41	0.331724
25	42	0.154557
25	43	0.308065
25	44	0.276798
25	45	0.255749
25	46	0.207343
25	47	0.247593
25	48	0.157531
25	49	0.342552
25	50	0.196417
25	51	0.322572
25	52	0.303186
25	53	0.33704
25	54	0.202951
25	55	0.142194
25	56	0.276
25	57	0.244552
25	58	0.376113
25	59	0.332257
25	60	0.36072
25	61	0.196617
25	62	0.321728
25	63	0.228165
25	64	0.337342
25	65	0.211832
25	66	0.179762
25	67	0.231829
25	68	0.226889
25	69	0.164581
25	70	0.313014
25	71	0.172032
25	72	0.333063
25	73	0.276344
25	74	0.247817
25	75	0.334771
25	76	0.241755
25	77	0.264057
25	78	0.30618
25	79	0.248564
25	80	0.375451
25	81	0.391327
25	82	0.300138
25	83	0.195804
25	84	0.194134
25	85	0.256835
25	86	0.319506
25	87	0.434852
25	88	0.26751
25	89	0.197757
26	26	1
26	27	0.319804
26	28	0.329294
26	29	0.316283
26	30	0.21511
26	31	0.367828
26	32	0.247992
26	33	0.129521
26	34	0.247683
26	35	0.224031
26	36	0.418427
26	37	0.192144
26	38	0.288899
26	39	0.225307
26	40	0.236634
26	41	0.218381
26	42	0.135989
26	43	0.21286
26	44	0.361035
26	45	0.256529
26	46	0.269738
26	47	0.312794
26	48	0.248149
26	49	0.34994
26	50	0.281138
26	51	0.29062
26	52	0.322329
26	53	0.362446
26	54	0.241109
26	55	0.00961
26	56	0.210172
26	57	0.32228
26	58	0.352347
26	59	0.318327
26	60	0.412827
26	61	0.182603
26	62	0.263799
26	63	0.318553
26	64	0.355939
26	65	0.315664
26	66	0.243904
26	67	0.216678
26	68	0.368147
26	69	0.260935
26	70	0.267391
26	71	0.171528
26	72	0.277781
26	73	0.170623
26	74	0.187957
26	75	0.235501
26	76	0.175576
26	77	0.344339
26	78	0.251422
26	79	0.273812
26	80	0.320029
26	81	0.424517
26	82	0.296773
26	83	0.230956
26	84	0.275989
26	85	0.222721
26	86	0.305439
26	87	0.374062
26	88	0.264113
26	89	0.196689
27	27	1
27	28	0.213896
27	29	0.390573
27	30	0.229658
27	31	0.435607
27	32	0.324935
27	33	0.236122
27	34	0.370139
27	35	0.323942
27	36	0.287631
27	37	0.224269
27	38	0.51519
27	39	0.353459
27	40	0.253496
27	41	0.380735
27	42	0.282618
27	43	0.27012
27	44	0.478654
27	45	0.320478
27	46	0.214668
27	47	0.288257
27	48	0.33492
27	49	0.338359
27	50	0.392879
27	51	0.457698
27	52	0.346978
27	53	0.28984
27	54	0.324582
27	55	0.24523
27	56	0.246039
27	57	0.323259
27	58	0.349512
27	59	0.300836
27	60	0.309562
27	61	0.341733
27	62	0.348915
27	63	0.279073
27	64	0.27712
27	65	0.359749
27	66	0.240535
27	67	0.289414
27	68	0.691833
27	69	0.244662
27	70	0.456113
27	71	0.163388
27	72	0.285683
27	73	0.398256
27	74	0.31219
27	75	0.249426
27	76	0.305761
27	77	0.283886
27	78	0.336928
27	79	0.531975
27	80	0.553359
27	81	0.389236
27	82	0.224825
27	83	0.341998
27	84	0.285558
27	85	0.302314
27	86	0.397048
27	87	0.287962
27	88	0.328355
27	89	0.220508
28	28	1
28	29	0.205761
28	30	0.222856
28	31	0.146442
28	32	0.177251
28	33	0.12655
28	34	0.146205
28	35	0.221032
28	36	0.30729
28	37	0.147605
28	38	0.194276
28	39	0.156925
28	40	0.211441
28	41	0.156783
28	42	0.150065
28	43	0.212997
28	44	0.284774
28	45	0.278947
28	46	0.188598
28	47	0.361132
28	48	0.177464
28	49	0.246612
28	50	0.261578
28	51	0.161791
28	52	0.290632
28	53	0.145542
28	54	0.07137
28	55	0.040309
28	56	0.261549
28	57	0.25437
28	58	0.276046
28	59	0.13625
28	60	0.173932
28	61	0.056543
28	62	0.244335
28	63	0.188806
28	64	0.373421
28	65	0.199776
28	66	0.119502
28	67	0.167371
28	68	0.174956
28	69	0.107443
28	70	0.155871
28	71	0.250295
28	72	0.315981
28	73	0.210136
28	74	0.303739
28	75	0.20174
28	76	0.193829
28	77	0.249892
28	78	0.239454
28	79	0.182177
28	80	0.170302
28	81	0.287673
28	82	0.350283
28	83	0.165081
28	84	0.217609
28	85	0.265542
28	86	0.227736
28	87	0.302001
28	88	0.155877
28	89	0.259381
29	29	1
29	30	0.247088
29	31	0.290519
29	32	0.236783
29	33	0.158937
29	34	0.363353
29	35	0.233602
29	36	0.242049
29	37	0.303998
29	38	0.342348
29	39	0.262505
29	40	0.125585
29	41	0.305896
29	42	0.228962
29	43	0.222671
29	44	0.437291
29	45	0.297803
29	46	0.280627
29	47	0.247522
29	48	0.27732
29	49	0.309849
29	50	0.320515
29	51	0.349762
29	52	0.244854
29	53	0.223577
29	54	0.192298
29	55	0.173969
29	56	0.256587
29	57	0.247304
29	58	0.349978
29	59	0.288292
29	60	0.332378
29	61	0.310929
29	62	0.248044
29	63	0.231855
29	64	0.280041
29	65	0.28734
29	66	0.240516
29	67	0.190587
29	68	0.412854
29	69	0.178231
29	70	0.34796
29	71	0.203695
29	72	0.212164
29	73	0.380508
29	74	0.20661
29	75	0.211957
29	76	0.221488
29	77	0.26699
29	78	0.367366
29	79	0.306759
29	80	0.31615
29	81	0.340214
29	82	0.194196
29	83	0.250929
29	84	0.259047
29	85	0.207184
29	86	0.288064
29	87	0.212171
29	88	0.250681
29	89	0.215213
30	30	1
30	31	0.233219
30	32	0.175033
30	33	0.131008
30	34	0.23182
30	35	0.288438
30	36	0.197548
30	37	0.125834
30	38	0.228325
30	39	0.30275
30	40	0.124434
30	41	0.212267
30	42	0.156127
30	43	0.229749
30	44	0.235446
30	45	0.199775
30	46	0.197053
30	47	0.235667
30	48	0.205944
30	49	0.222069
30	50	0.350126
30	51	0.250371
30	52	0.17635
30	53	0.185209
30	54	0.100769
30	55	0.143822
30	56	0.179621
30	57	0.172704
30	58	0.244824
30	59	0.145101
30	60	0.1764
30	61	0.173769
30	62	0.1758
30	63	0.266012
30	64	0.291145
30	65	0.164589
30	66	0.196279
30	67	0.208858
30	68	0.171161
30	69	0.201054
30	70	0.249274
30	71	0.200686
30	72	0.238017
30	73	0.218349
30	74	0.154317
30	75	0.235999
30	76	0.193361
30	77	0.21868
30	78	0.184479
30	79	0.176369
30	80	0.201555
30	81	0.284528
30	82	0.239256
30	83	0.223842
30	84	0.23718
30	85	0.142046
30	86	0.228887
30	87	0.249686
30	88	0.171976
30	89	0.164009
31	31	1
31	32	0.362657
31	33	0.233192
31	34	0.258173
31	35	0.340259
31	36	0.261172
31	37	0.17099
31	38	0.349058
31	39	0.249445
31	40	0.171857
31	41	0.546651
31	42	0.229326
31	43	0.440987
31	44	0.368134
31	45	0.251511
31	46	0.26972
31	47	0.296764
31	48	0.264346
31	49	0.365313
31	50	0.333772
31	51	0.537753
31	52	0.309379
31	53	0.333657
31	54	0.291348
31	55	0.245108
31	56	0.150602
31	57	0.290114
31	58	0.352182
31	59	0.306843
31	60	0.252332
31	61	0.250797
31	62	0.220681
31	63	0.368359
31	64	0.232655
31	65	0.160069
31	66	0.257537
31	67	0.236323
31	68	0.398527
31	69	0.242781
31	70	0.274286
31	71	0.102302
31	72	0.296141
31	73	0.351907
31	74	0.212543
31	75	0.238209
31	76	0.146256
31	77	0.334721
31	78	0.380417
31	79	0.327547
31	80	0.405121
31	81	0.315197
31	82	0.260323
31	83	0.245886
31	84	0.311062
31	85	0.229597
31	86	0.285875
31	87	0.394328
31	88	0.296417
31	89	0.247506
32	32	1
32	33	0.283183
32	34	0.308449
32	35	0.2742
32	36	0.226695
32	37	0.175167
32	38	0.334685
32	39	0.235469
32	40	0.250467
32	41	0.360425
32	42	0.171209
32	43	0.362051
32	44	0.276579
32	45	0.245729
32	46	0.211573
32	47	0.28613
32	48	0.21613
32	49	0.229778
32	50	0.283286
32	51	0.366943
32	52	0.205041
32	53	0.307789
32	54	0.223489
32	55	0.083049
32	56	0.209999
32	57	0.232243
32	58	0.264497
32	59	0.146345
32	60	0.267093
32	61	0.16428
32	62	0.356277
32	63	0.314376
32	64	0.221226
32	65	0.245643
32	66	0.155195
32	67	0.201529
32	68	0.301789
32	69	0.163648
32	70	0.310716
32	71	0.096601
32	72	0.331307
32	73	0.257263
32	74	0.306259
32	75	0.452963
32	76	0.250815
32	77	0.310146
32	78	0.359012
32	79	0.259004
32	80	0.346531
32	81	0.290355
32	82	0.149407
32	83	0.193845
32	84	0.25645
32	85	0.28214
32	86	0.302782
32	87	0.327706
32	88	0.319395
32	89	0.174529
33	33	1
33	34	0.202963
33	35	0.224421
33	36	0.042697
33	37	0.01258
33	38	0.16327
33	39	0.154597
33	40	0.054302
33	41	0.193633
33	42	0.009069
33	43	0.274862
33	44	0.236142
33	45	0.195334
33	46	0.266904
33	47	0.17632
33	48	0.203833
33	49	0.122603
33	50	0.231242
33	51	0.254335
33	52	0.171238
33	53	0.16544
33	54	0.091289
33	55	0.057538
33	56	0.1062
33	57	0.206616
33	58	0.162679
33	59	0.139756
33	60	0.134117
33	61	0.144018
33	62	0.244952
33	63	0.173113
33	64	0.161815
33	65	0.223297
33	66	0.158121
33	67	0.027813
33	68	0.197344
33	69	0.155423
33	70	0.062795
33	71	0.0617
33	72	0.246946
33	73	0.188538
33	74	0.134823
33	75	0.32101
33	76	0.140463
33	77	0.270648
33	78	0.272115
33	79	0.057188
33	80	0.106994
33	81	0.236512
33	82	0.104454
33	83	0.171403
33	84	0.241887
33	85	0.099765
33	86	0.219336
33	87	0.197406
33	88	0.172874
33	89	0.028164
34	34	1
34	35	0.341844
34	36	0.270918
34	37	0.154124
34	38	0.292944
34	39	0.28129
34	40	0.159191
34	41	0.246727
34	42	0.252368
34	43	0.265352
34	44	0.306258
34	45	0.323161
34	46	0.235204
34	47	0.288319
34	48	0.258059
34	49	0.313652
34	50	0.28579
34	51	0.365015
34	52	0.225292
34	53	0.252438
34	54	0.292303
34	55	0.135752
34	56	0.219162
34	57	0.280909
34	58	0.328788
34	59	0.163424
34	60	0.289723
34	61	0.266359
34	62	0.300383
34	63	0.231982
34	64	0.287415
34	65	0.317019
34	66	0.271298
34	67	0.295735
34	68	0.35832
34	69	0.186077
34	70	0.222441
34	71	0.168037
34	72	0.225519
34	73	0.346614
34	74	0.1922
34	75	0.259212
34	76	0.261009
34	77	0.213189
34	78	0.302117
34	79	0.210036
34	80	0.348269
34	81	0.380505
34	82	0.182073
34	83	0.274511
34	84	0.205338
34	85	0.186512
34	86	0.322946
34	87	0.198124
34	88	0.186645
34	89	0.15924
35	35	1
35	36	0.22648
35	37	0.105578
35	38	0.286391
35	39	0.155282
35	40	0.202783
35	41	0.288038
35	42	0.217758
35	43	0.376411
35	44	0.384345
35	45	0.298252
35	46	0.122119
35	47	0.255664
35	48	0.264101
35	49	0.260179
35	50	0.487584
35	51	0.30653
35	52	0.358263
35	53	0.179643
35	54	0.190369
35	55	0.251804
35	56	0.246767
35	57	0.305052
35	58	0.357944
35	59	0.284477
35	60	0.29496
35	61	0.256288
35	62	0.26217
35	63	0.313386
35	64	0.329745
35	65	0.20344
35	66	0.142689
35	67	0.196378
35	68	0.263653
35	69	0.144014
35	70	0.216475
35	71	0.098412
35	72	0.257695
35	73	0.361143
35	74	0.194561
35	75	0.208677
35	76	0.166001
35	77	0.208553
35	78	0.349847
35	79	0.244343
35	80	0.345556
35	81	0.329939
35	82	0.37012
35	83	0.27351
35	84	0.480977
35	85	0.276248
35	86	0.271537
35	87	0.32846
35	88	0.234594
35	89	0.215968
36	36	1
36	37	0.176303
36	38	0.267982
36	39	0.057637
36	40	0.268489
36	41	0.251197
36	42	0.1403
36	43	0.255228
36	44	0.301121
36	45	0.226156
36	46	0.082199
36	47	0.238925
36	48	0.15836
36	49	0.313774
36	50	0.185773
36	51	0.292559
36	52	0.237109
36	53	0.295259
36	54	0.288809
36	55	0.110355
36	56	0.216564
36	57	0.286588
36	58	0.311279
36	59	0.264822
36	60	0.357169
36	61	0.14502
36	62	0.209428
36	63	0.225787
36	64	0.270356
36	65	0.124312
36	66	0.165909
36	67	0.173901
36	68	0.322758
36	69	0.146071
36	70	0.283675
36	71	0.149511
36	72	0.286908
36	73	0.141162
36	74	0.316347
36	75	0.180374
36	76	0.148683
36	77	0.092564
36	78	0.233661
36	79	0.19369
36	80	0.230273
36	81	0.404883
36	82	0.338194
36	83	0.159383
36	84	0.281698
36	85	0.211124
36	86	0.113824
36	87	0.326711
36	88	0.165253
36	89	0.228557
37	37	1
37	38	0.234577
37	39	0.179874
37	40	0.155443
37	41	0.11767
37	42	0.279002
37	43	0.097994
37	44	0.369407
37	45	0.137663
37	46	0.200065
37	47	0.141054
37	48	0.245302
37	49	0.287673
37	50	0.205573
37	51	0.206541
37	52	0.128666
37	53	0.184086
37	54	0.180979
37	55	0.181919
37	56	0.204117
37	57	0.171647
37	58	0.131252
37	59	0.173814
37	60	0.16658
37	61	0.24038
37	62	0.129482
37	63	0.111223
37	64	0.140654
37	65	0.133393
37	66	0.196488
37	67	0.101777
37	68	0.261534
37	69	0.176213
37	70	0.242237
37	71	0.070636
37	72	0.068139
37	73	0.269064
37	74	0.159007
37	75	0.12089
37	76	0.143608
37	77	0.22993
37	78	0.212793
37	79	0.228955
37	80	0.275559
37	81	0.201427
37	82	0.11816
37	83	0.262864
37	84	0.203935
37	85	0.158377
37	86	0.251187
37	87	0.066071
37	88	0.164331
37	89	0.095711
38	38	1
38	39	0.304226
38	40	0.223727
38	41	0.305371
38	42	0.263841
38	43	0.267576
38	44	0.543336
38	45	0.290617
38	46	0.234109
38	47	0.288191
38	48	0.256096
38	49	0.425446
38	50	0.276107
38	51	0.389122
38	52	0.311724
38	53	0.322873
38	54	0.315754
38	55	0.161176
38	56	0.400331
38	57	0.370732
38	58	0.355252
38	59	0.36975
38	60	0.251762
38	61	0.241032
38	62	0.339061
38	63	0.288045
38	64	0.285213
38	65	0.257008
38	66	0.169815
38	67	0.161307
38	68	0.553015
38	69	0.13986
38	70	0.647275
38	71	0.138034
38	72	0.260116
38	73	0.36781
38	74	0.246893
38	75	0.261464
38	76	0.299212
38	77	0.221879
38	78	0.274685
38	79	0.620673
38	80	0.66202
38	81	0.398279
38	82	0.272644
38	83	0.256438
38	84	0.313112
38	85	0.215718
38	86	0.330823
38	87	0.349194
38	88	0.245305
38	89	0.223573
39	39	1
39	40	0.066545
39	41	0.246246
39	42	0.186262
39	43	0.205624
39	44	0.301035
39	45	0.180202
39	46	0.175809
39	47	0.215227
39	48	0.455151
39	49	0.196094
39	50	0.270738
39	51	0.260862
39	52	0.158581
39	53	0.178807
39	54	0.126049
39	55	0.140631
39	56	0.142855
39	57	0.295487
39	58	0.253621
39	59	0.199535
39	60	0.171084
39	61	0.427272
39	62	0.232128
39	63	0.246054
39	64	0.176392
39	65	0.242544
39	66	0.507599
39	67	0.368045
39	68	0.28729
39	69	0.426225
39	70	0.259901
39	71	0.129652
39	72	0.13559
39	73	0.314881
39	74	0.103164
39	75	0.175069
39	76	0.180358
39	77	0.250656
39	78	0.27059
39	79	0.267188
39	80	0.335742
39	81	0.309278
39	82	0.126429
39	83	0.465477
39	84	0.14609
39	85	0.176933
39	86	0.332613
39	87	0.136233
39	88	0.220024
39	89	0.103577
40	40	1
40	41	0.125222
40	42	0.138703
40	43	0.169114
40	44	0.221906
40	45	0.20605
40	46	0.177319
40	47	0.157595
40	48	0.05011
40	49	0.213879
40	50	0.109358
40	51	0.222606
40	52	0.123527
40	53	0.245484
40	54	0.25562
40	55	0.101623
40	56	0.17611
40	57	0.179984
40	58	0.256643
40	59	0.165031
40	60	0.274573
40	61	0.091323
40	62	0.250604
40	63	0.247258
40	64	0.236466
40	65	0.154513
40	66	0.020445
40	67	0.197181
40	68	0.202693
40	69	-0.011846
40	70	0.239668
40	71	0.082248
40	72	0.20528
40	73	0.13961
40	74	0.560449
40	75	0.242055
40	76	0.358106
40	77	0.133943
40	78	0.143726
40	79	0.224633
40	80	0.281708
40	81	0.242922
40	82	0.301736
40	83	0.056634
40	84	0.155764
40	85	0.104198
40	86	0.15784
40	87	0.250899
40	88	0.234662
40	89	0.158131
41	41	1
41	42	0.199576
41	43	0.421787
41	44	0.329688
41	45	0.148311
41	46	0.151475
41	47	0.225018
41	48	0.266554
41	49	0.287265
41	50	0.271624
41	51	0.541324
41	52	0.268595
41	53	0.270041
41	54	0.186385
41	55	0.19535
41	56	0.132296
41	57	0.188026
41	58	0.343127
41	59	0.2609
41	60	0.257568
41	61	0.202538
41	62	0.187343
41	63	0.306379
41	64	0.183915
41	65	0.18045
41	66	0.264157
41	67	0.184392
41	68	0.335635
41	69	0.266964
41	70	0.243498
41	71	0.13111
41	72	0.220828
41	73	0.320258
41	74	0.210609
41	75	0.218769
41	76	0.168779
41	77	0.289532
41	78	0.270694
41	79	0.26588
41	80	0.298895
41	81	0.312215
41	82	0.147348
41	83	0.202824
41	84	0.222049
41	85	0.201844
41	86	0.301231
41	87	0.306094
41	88	0.191828
41	89	0.184324
42	42	1
42	43	0.21734
42	44	0.242548
42	45	0.180472
42	46	0.127052
42	47	0.179526
42	48	0.221781
42	49	0.336186
42	50	0.260197
42	51	0.36351
42	52	0.188588
42	53	0.231664
42	54	0.169006
42	55	0.236247
42	56	0.167243
42	57	0.287856
42	58	0.199652
42	59	0.185043
42	60	0.188099
42	61	0.212018
42	62	0.235693
42	63	0.186741
42	64	0.258256
42	65	0.211683
42	66	0.19745
42	67	0.210929
42	68	0.315023
42	69	0.196227
42	70	0.270444
42	71	0.084349
42	72	0.11453
42	73	0.585905
42	74	0.157105
42	75	0.128621
42	76	0.286476
42	77	0.108291
42	78	0.105942
42	79	0.245958
42	80	0.290467
42	81	0.232603
42	82	0.077484
42	83	0.243734
42	84	0.198251
42	85	0.173135
42	86	0.203167
42	87	0.173716
42	88	0.15507
42	89	0.19523
43	43	1
43	44	0.28127
43	45	0.272335
43	46	0.218716
43	47	0.343973
43	48	0.178076
43	49	0.304777
43	50	0.31593
43	51	0.422682
43	52	0.312535
43	53	0.230766
43	54	0.169332
43	55	0.111985
43	56	0.180475
43	57	0.317106
43	58	0.341953
43	59	0.235311
43	60	0.285346
43	61	0.165209
43	62	0.284939
43	63	0.473462
43	64	0.230885
43	65	0.19821
43	66	0.23148
43	67	0.22498
43	68	0.268759
43	69	0.20541
43	70	0.271517
43	71	0.048317
43	72	0.230553
43	73	0.342133
43	74	0.286991
43	75	0.32579
43	76	0.197674
43	77	0.310381
43	78	0.390025
43	79	0.287653
43	80	0.365083
43	81	0.40337
43	82	0.23544
43	83	0.169813
43	84	0.195589
43	85	0.368782
43	86	0.269604
43	87	0.265225
43	88	0.212477
43	89	0.22465
44	44	1
44	45	0.384458
44	46	0.23125
44	47	0.299927
44	48	0.279012
44	49	0.396098
44	50	0.429117
44	51	0.365789
44	52	0.317196
44	53	0.370025
44	54	0.274928
44	55	0.193174
44	56	0.360345
44	57	0.319114
44	58	0.413417
44	59	0.344102
44	60	0.233164
44	61	0.315911
44	62	0.321438
44	63	0.255642
44	64	0.25987
44	65	0.230644
44	66	0.312073
44	67	0.102331
44	68	0.486786
44	69	0.264907
44	70	0.410002
44	71	0.146211
44	72	0.269878
44	73	0.402027
44	74	0.260938
44	75	0.251755
44	76	0.244361
44	77	0.191737
44	78	0.351788
44	79	0.42578
44	80	0.481726
44	81	0.355872
44	82	0.299513
44	83	0.285286
44	84	0.352101
44	85	0.208523
44	86	0.332135
44	87	0.241805
44	88	0.308097
44	89	0.241012
45	45	1
45	46	0.205686
45	47	0.315986
45	48	0.100971
45	49	0.284487
45	50	0.271666
45	51	0.287075
45	52	0.255794
45	53	0.194406
45	54	0.280992
45	55	0.110927
45	56	0.307602
45	57	0.22975
45	58	0.29943
45	59	0.181961
45	60	0.236867
45	61	0.173446
45	62	0.33953
45	63	0.194937
45	64	0.295315
45	65	0.224774
45	66	0.136341
45	67	0.184157
45	68	0.347878
45	69	0.140925
45	70	0.229105
45	71	0.1941
45	72	0.356718
45	73	0.305487
45	74	0.149474
45	75	0.282223
45	76	0.276987
45	77	0.259527
45	78	0.288143
45	79	0.225799
45	80	0.229328
45	81	0.270419
45	82	0.335454
45	83	0.136419
45	84	0.194851
45	85	0.271061
45	86	0.260496
45	87	0.344093
45	88	0.310573
45	89	0.364584
46	46	1
46	47	0.220421
46	48	0.147029
46	49	0.210019
46	50	0.27087
46	51	0.228914
46	52	0.136325
46	53	0.274244
46	54	0.071038
46	55	0.171124
46	56	0.252561
46	57	0.219043
46	58	0.330298
46	59	0.215784
46	60	0.175396
46	61	0.116029
46	62	0.246262
46	63	0.243996
46	64	0.231814
46	65	0.223804
46	66	0.208118
46	67	0.111299
46	68	0.165049
46	69	0.170471
46	70	0.180029
46	71	0.057342
46	72	0.24264
46	73	0.142711
46	74	0.24341
46	75	0.205797
46	76	0.163666
46	77	0.333682
46	78	0.213146
46	79	0.202177
46	80	0.261014
46	81	0.254718
46	82	0.203116
46	83	0.18769
46	84	0.124122
46	85	0.222756
46	86	0.277246
46	87	0.151564
46	88	0.269198
46	89	0.089469
47	47	1
47	48	0.159227
47	49	0.285218
47	50	0.252184
47	51	0.335982
47	52	0.337775
47	53	0.389289
47	54	0.146761
47	55	0.123496
47	56	0.239796
47	57	0.291659
47	58	0.278407
47	59	0.290803
47	60	0.242125
47	61	0.103102
47	62	0.280909
47	63	0.265645
47	64	0.271155
47	65	0.219172
47	66	0.224245
47	67	0.08921
47	68	0.276442
47	69	0.233076
47	70	0.266673
47	71	0.158809
47	72	0.288714
47	73	0.26442
47	74	0.157464
47	75	0.305857
47	76	0.116115
47	77	0.256858
47	78	0.292828
47	79	0.241395
47	80	0.322671
47	81	0.356598
47	82	0.304012
47	83	0.174148
47	84	0.249668
47	85	0.340447
47	86	0.302194
47	87	0.343156
47	88	0.216255
47	89	0.27211
48	48	1
48	49	0.256169
48	50	0.334425
48	51	0.35083
48	52	0.217322
48	53	0.249271
48	54	0.185786
48	55	0.165182
48	56	0.181196
48	57	0.304679
48	58	0.211545
48	59	0.252345
48	60	0.180606
48	61	0.744312
48	62	0.140201
48	63	0.249014
48	64	0.134696
48	65	0.315716
48	66	0.479204
48	67	0.350154
48	68	0.287847
48	69	0.405359
48	70	0.235734
48	71	0.155517
48	72	0.155448
48	73	0.344605
48	74	0.136468
48	75	0.112313
48	76	0.072749
48	77	0.19763
48	78	0.18723
48	79	0.264848
48	80	0.323988
48	81	0.271642
48	82	0.04996
48	83	0.772459
48	84	0.216873
48	85	0.204045
48	86	0.313703
48	87	0.089113
48	88	0.197914
48	89	-0.035882
49	49	1
49	50	0.307595
49	51	0.312964
49	52	0.328829
49	53	0.351382
49	54	0.357889
49	55	0.220004
49	56	0.270569
49	57	0.230612
49	58	0.339449
49	59	0.30796
49	60	0.325489
49	61	0.247934
49	62	0.205013
49	63	0.279239
49	64	0.297935
49	65	0.224465
49	66	0.206718
49	67	0.197265
49	68	0.357097
49	69	0.157264
49	70	0.31794
49	71	0.174001
49	72	0.290031
49	73	0.423403
49	74	0.2445
49	75	0.182226
49	76	0.163307
49	77	0.212105
49	78	0.150291
49	79	0.322151
49	80	0.372273
49	81	0.340119
49	82	0.319003
49	83	0.219195
49	84	0.28234
49	85	0.343521
49	86	0.317371
49	87	0.309883
49	88	0.192129
49	89	0.248891
50	50	1
50	51	0.314784
50	52	0.365639
50	53	0.262573
50	54	0.178849
50	55	0.305488
50	56	0.231651
50	57	0.301858
50	58	0.303347
50	59	0.229149
50	60	0.244822
50	61	0.327115
50	62	0.223726
50	63	0.266054
50	64	0.265271
50	65	0.209694
50	66	0.239287
50	67	0.223004
50	68	0.34489
50	69	0.206998
50	70	0.268985
50	71	0.067094
50	72	0.207324
50	73	0.371016
50	74	0.130752
50	75	0.255977
50	76	0.194348
50	77	0.281629
50	78	0.287974
50	79	0.345935
50	80	0.342604
50	81	0.292935
50	82	0.230307
50	83	0.292538
50	84	0.45781
50	85	0.337137
50	86	0.420836
50	87	0.232437
50	88	0.258985
50	89	0.186988
51	51	1
51	52	0.268027
51	53	0.322167
51	54	0.225119
51	55	0.212723
51	56	0.300666
51	57	0.328307
51	58	0.305019
51	59	0.353486
51	60	0.303918
51	61	0.340223
51	62	0.31798
51	63	0.403167
51	64	0.276251
51	65	0.273232
51	66	0.275985
51	67	0.287312
51	68	0.431956
51	69	0.286877
51	70	0.255678
51	71	0.064901
51	72	0.336886
51	73	0.435298
51	74	0.240701
51	75	0.234809
51	76	0.255
51	77	0.330418
51	78	0.349161
51	79	0.316832
51	80	0.32677
51	81	0.4013
51	82	0.240489
51	83	0.347109
51	84	0.330193
51	85	0.233804
51	86	0.353328
51	87	0.284395
51	88	0.258957
51	89	0.25162
52	52	1
52	53	0.278037
52	54	0.181802
52	55	0.165428
52	56	0.196543
52	57	0.239758
52	58	0.256923
52	59	0.314642
52	60	0.24299
52	61	0.150831
52	62	0.2836
52	63	0.260205
52	64	0.238881
52	65	0.265579
52	66	0.228057
52	67	0.061955
52	68	0.289314
52	69	0.230562
52	70	0.226568
52	71	0.177855
52	72	0.150001
52	73	0.311792
52	74	0.187555
52	75	0.266432
52	76	0.202941
52	77	0.229782
52	78	0.174834
52	79	0.269913
52	80	0.327463
52	81	0.29166
52	82	0.232254
52	83	0.164856
52	84	0.253254
52	85	0.246135
52	86	0.303211
52	87	0.267739
52	88	0.296993
52	89	0.224087
53	53	1
53	54	0.158421
53	55	0.169862
53	56	0.263665
53	57	0.291985
53	58	0.361389
53	59	0.345463
53	60	0.28298
53	61	0.184605
53	62	0.298729
53	63	0.228857
53	64	0.289498
53	65	0.24063
53	66	0.245298
53	67	0.171224
53	68	0.300961
53	69	0.244349
53	70	0.318147
53	71	0.186889
53	72	0.338433
53	73	0.284117
53	74	0.285464
53	75	0.297615
53	76	0.204426
53	77	0.281788
53	78	0.175936
53	79	0.271343
53	80	0.318101
53	81	0.332746
53	82	0.269233
53	83	0.260793
53	84	0.205869
53	85	0.216476
53	86	0.311488
53	87	0.241655
53	88	0.299931
53	89	0.119141
54	54	1
54	55	0.142669
54	56	0.162926
54	57	0.178877
54	58	0.23567
54	59	0.189612
54	60	0.256824
54	61	0.222807
54	62	0.162124
54	63	0.147305
54	64	0.278133
54	65	0.129785
54	66	0.119203
54	67	0.127573
54	68	0.340814
54	69	0.100863
54	70	0.165352
54	71	0.193222
54	72	0.178175
54	73	0.272782
54	74	0.201201
54	75	0.146269
54	76	0.15934
54	77	0.116419
54	78	0.234056
54	79	0.237503
54	80	0.263797
54	81	0.266517
54	82	0.281088
54	83	0.138769
54	84	0.137251
54	85	0.181007
54	86	0.182526
54	87	0.247997
54	88	0.200713
54	89	0.177331
55	55	1
55	56	0.001136
55	57	0.099686
55	58	0.131574
55	59	0.183457
55	60	0.173226
55	61	0.220529
55	62	0.067138
55	63	0.126208
55	64	0.036925
55	65	0.118368
55	66	0.146948
55	67	0.128269
55	68	0.241158
55	69	0.172766
55	70	0.201135
55	71	0.143433
55	72	0.163834
55	73	0.165051
55	74	0.136022
55	75	0.09136
55	76	0.113944
55	77	0.131521
55	78	0.139264
55	79	0.214823
55	80	0.180999
55	81	0.085368
55	82	0.092675
55	83	0.222205
55	84	0.267001
55	85	0.167805
55	86	0.184613
55	87	0.140645
55	88	0.192927
55	89	0.113281
56	56	1
56	57	0.258927
56	58	0.215228
56	59	0.184033
56	60	0.184661
56	61	0.157543
56	62	0.220401
56	63	0.18923
56	64	0.357561
56	65	0.118956
56	66	0.111562
56	67	0.202642
56	68	0.242127
56	69	0.105252
56	70	0.259255
56	71	0.193418
56	72	0.267534
56	73	0.212092
56	74	0.193692
56	75	0.23566
56	76	0.185235
56	77	0.218791
56	78	0.275228
56	79	0.171171
56	80	0.214707
56	81	0.289117
56	82	0.367892
56	83	0.181034
56	84	0.236945
56	85	0.12345
56	86	0.203056
56	87	0.305792
56	88	0.174468
56	89	0.323921
57	57	1
57	58	0.30423
57	59	0.188297
57	60	0.302888
57	61	0.269026
57	62	0.252621
57	63	0.250392
57	64	0.220904
57	65	0.274393
57	66	0.273622
57	67	0.221839
57	68	0.301502
57	69	0.247164
57	70	0.257971
57	71	0.16032
57	72	0.242301
57	73	0.324008
57	74	0.247623
57	75	0.252628
57	76	0.230221
57	77	0.239678
57	78	0.225922
57	79	0.286281
57	80	0.40581
57	81	0.348883
57	82	0.276728
57	83	0.320242
57	84	0.320459
57	85	0.259755
57	86	0.287528
57	87	0.240682
57	88	0.194094
57	89	0.194069
58	58	1
58	59	0.32374
58	60	0.326032
58	61	0.223173
58	62	0.280007
58	63	0.280509
58	64	0.384919
58	65	0.274185
58	66	0.279591
58	67	0.241178
58	68	0.262576
58	69	0.226096
58	70	0.253884
58	71	0.113119
58	72	0.354385
58	73	0.336961
58	74	0.294193
58	75	0.223628
58	76	0.302394
58	77	0.246913
58	78	0.247942
58	79	0.368221
58	80	0.397475
58	81	0.423848
58	82	0.336046
58	83	0.244808
58	84	0.204496
58	85	0.284817
58	86	0.352557
58	87	0.346206
58	88	0.167569
58	89	0.281578
59	59	1
59	60	0.304484
59	61	0.214068
59	62	0.244979
59	63	0.248966
59	64	0.176905
59	65	0.192448
59	66	0.189004
59	67	0.110627
59	68	0.24
59	69	0.176524
59	70	0.28952
59	71	0.108023
59	72	0.287438
59	73	0.324385
59	74	0.180559
59	75	0.186657
59	76	0.127272
59	77	0.123597
59	78	0.208758
59	79	0.277358
59	80	0.265147
59	81	0.425568
59	82	0.21354
59	83	0.280646
59	84	0.164177
59	85	0.285056
59	86	0.260404
59	87	0.130441
59	88	0.186367
59	89	0.136152
60	60	1
60	61	0.201765
60	62	0.262147
60	63	0.246801
60	64	0.263971
60	65	0.280651
60	66	0.15422
60	67	0.239102
60	68	0.348648
60	69	0.148223
60	70	0.266994
60	71	0.168477
60	72	0.246666
60	73	0.253693
60	74	0.311329
60	75	0.306439
60	76	0.172501
60	77	0.288033
60	78	0.216137
60	79	0.290934
60	80	0.308683
60	81	0.436105
60	82	0.252523
60	83	0.230013
60	84	0.236098
60	85	0.255733
60	86	0.30859
60	87	0.295032
60	88	0.287361
60	89	0.158638
61	61	1
61	62	0.151532
61	63	0.207913
61	64	0.102301
61	65	0.294138
61	66	0.417854
61	67	0.258743
61	68	0.330939
61	69	0.325141
61	70	0.219431
61	71	0.084814
61	72	0.118953
61	73	0.351413
61	74	0.125551
61	75	0.109874
61	76	0.151194
61	77	0.156977
61	78	0.145355
61	79	0.27961
61	80	0.346628
61	81	0.277639
61	82	0.042255
61	83	0.788304
61	84	0.165559
61	85	0.17124
61	86	0.339605
61	87	0.094552
61	88	0.17528
61	89	-0.016738
62	62	1
62	63	0.2239
62	64	0.299314
62	65	0.366682
62	66	0.150773
62	67	0.122588
62	68	0.332435
62	69	0.141995
62	70	0.307445
62	71	0.127457
62	72	0.261051
62	73	0.370914
62	74	0.438366
62	75	0.401658
62	76	0.558786
62	77	0.285355
62	78	0.256889
62	79	0.293927
62	80	0.377239
62	81	0.360532
62	82	0.190447
62	83	0.15787
62	84	0.178598
62	85	0.119199
62	86	0.304769
62	87	0.260117
62	88	0.312886
62	89	0.234739
63	63	1
63	64	0.217263
63	65	0.244433
63	66	0.20371
63	67	0.23136
63	68	0.201289
63	69	0.172296
63	70	0.168117
63	71	0.064128
63	72	0.234628
63	73	0.280494
63	74	0.250278
63	75	0.262001
63	76	0.239994
63	77	0.290778
63	78	0.332463
63	79	0.21246
63	80	0.25136
63	81	0.323181
63	82	0.232874
63	83	0.252244
63	84	0.171238
63	85	0.259642
63	86	0.251055
63	87	0.220542
63	88	0.220629
63	89	0.080495
64	64	1
64	65	0.254538
64	66	0.089497
64	67	0.207426
64	68	0.314227
64	69	0.102908
64	70	0.244217
64	71	0.17864
64	72	0.374161
64	73	0.321729
64	74	0.199306
64	75	0.220033
64	76	0.292984
64	77	0.298778
64	78	0.289697
64	79	0.255304
64	80	0.283993
64	81	0.317828
64	82	0.473183
64	83	0.127941
64	84	0.23718
64	85	0.215518
64	86	0.240851
64	87	0.387922
64	88	0.257813
64	89	0.231663
65	65	1
65	66	0.317794
65	67	0.309912
65	68	0.286211
65	69	0.241218
65	70	0.230537
65	71	0.149117
65	72	0.153431
65	73	0.245749
65	74	0.266501
65	75	0.278981
65	76	0.283281
65	77	0.307933
65	78	0.109816
65	79	0.226293
65	80	0.317948
65	81	0.273782
65	82	0.001556
65	83	0.289554
65	84	0.2436
65	85	0.122351
65	86	0.290977
65	87	0.140219
65	88	0.277518
65	89	0.051144
66	66	1
66	67	0.345663
66	68	0.203905
66	69	0.753619
66	70	0.141088
66	71	0.00699
66	72	0.120974
66	73	0.2731
66	74	0.087699
66	75	0.05758
66	76	0.128294
66	77	0.179488
66	78	0.209447
66	79	0.215734
66	80	0.290293
66	81	0.312246
66	82	0.012705
66	83	0.453153
66	84	0.151776
66	85	0.200532
66	86	0.369086
66	87	0.131578
66	88	0.142243
66	89	0.080126
67	67	1
67	68	0.162688
67	69	0.285866
67	70	0.175705
67	71	0.032234
67	72	0.104359
67	73	0.231244
67	74	0.181886
67	75	0.120632
67	76	0.142048
67	77	0.230689
67	78	0.197464
67	79	0.222925
67	80	0.155897
67	81	0.190615
67	82	0.082117
67	83	0.31524
67	84	0.14518
67	85	0.133638
67	86	0.240116
67	87	0.182887
67	88	0.136471
67	89	0.102477
68	68	1
68	69	0.162859
68	70	0.463084
68	71	0.173255
68	72	0.323688
68	73	0.377387
68	74	0.227399
68	75	0.213634
68	76	0.253801
68	77	0.268904
68	78	0.31611
68	79	0.511005
68	80	0.541585
68	81	0.342563
68	82	0.252511
68	83	0.258918
68	84	0.314371
68	85	0.242441
68	86	0.287924
68	87	0.322504
68	88	0.309896
68	89	0.188873
69	69	1
69	70	0.133623
69	71	0.018078
69	72	0.063007
69	73	0.273333
69	74	0.076481
69	75	0.077812
69	76	0.126247
69	77	0.186537
69	78	0.218134
69	79	0.179372
69	80	0.256386
69	81	0.276392
69	82	0.041739
69	83	0.394063
69	84	0.160168
69	85	0.169965
69	86	0.252684
69	87	0.109809
69	88	0.132799
69	89	0.08907
70	70	1
70	71	0.169757
70	72	0.204687
70	73	0.271397
70	74	0.230595
70	75	0.297527
70	76	0.192803
70	77	0.22741
70	78	0.253408
70	79	0.587363
70	80	0.617641
70	81	0.365068
70	82	0.191845
70	83	0.221247
70	84	0.213518
70	85	0.238919
70	86	0.332785
70	87	0.280923
70	88	0.268129
70	89	0.211813
71	71	1
71	72	0.242566
71	73	0.141472
71	74	0.041143
71	75	0.139928
71	76	0.092096
71	77	0.09517
71	78	0.146337
71	79	0.081042
71	80	0.129684
71	81	0.059175
71	82	0.252869
71	83	0.137036
71	84	0.140702
71	85	0.132646
71	86	0.071215
71	87	0.190086
71	88	0.214945
71	89	0.220789
72	72	1
72	73	0.283105
72	74	0.254924
72	75	0.234032
72	76	0.160713
72	77	0.245054
72	78	0.27259
72	79	0.152517
72	80	0.192906
72	81	0.277624
72	82	0.355115
72	83	0.182764
72	84	0.223091
72	85	0.292455
72	86	0.212401
72	87	0.428124
72	88	0.252829
72	89	0.227297
73	73	1
73	74	0.22007
73	75	0.246417
73	76	0.301036
73	77	0.156106
73	78	0.273907
73	79	0.359636
73	80	0.389644
73	81	0.360085
73	82	0.189858
73	83	0.312533
73	84	0.209034
73	85	0.241705
73	86	0.297539
73	87	0.215699
73	88	0.259697
73	89	0.333238
74	74	1
74	75	0.289157
74	76	0.494002
74	77	0.211093
74	78	0.194652
74	79	0.276256
74	80	0.286437
74	81	0.321742
74	82	0.258751
74	83	0.16242
74	84	0.135059
74	85	0.153506
74	86	0.208025
74	87	0.271695
74	88	0.239629
74	89	0.179603
75	75	1
75	76	0.1854
75	77	0.277467
75	78	0.350016
75	79	0.198082
75	80	0.242522
75	81	0.346563
75	82	0.201938
75	83	0.096656
75	84	0.133315
75	85	0.109221
75	86	0.229385
75	87	0.274893
75	88	0.220863
75	89	0.179408
76	76	1
76	77	0.200758
76	78	0.16912
76	79	0.289824
76	80	0.247102
76	81	0.311744
76	82	0.227098
76	83	0.128146
76	84	0.143152
76	85	0.087618
76	86	0.186895
76	87	0.307888
76	88	0.258984
76	89	0.213918
77	77	1
77	78	0.305898
77	79	0.226656
77	80	0.234713
77	81	0.289357
77	82	0.203034
77	83	0.195205
77	84	0.140928
77	85	0.166838
77	86	0.328041
77	87	0.301677
77	88	0.254117
77	89	0.060233
78	78	1
78	79	0.231367
78	80	0.247238
78	81	0.36243
78	82	0.349195
78	83	0.167925
78	84	0.227588
78	85	0.267337
78	86	0.223614
78	87	0.329257
78	88	0.197379
78	89	0.239437
79	79	1
79	80	0.67911
79	81	0.298929
79	82	0.183771
79	83	0.267285
79	84	0.232319
79	85	0.273104
79	86	0.336436
79	87	0.211633
79	88	0.303333
79	89	0.196576
80	80	1
80	81	0.345157
80	82	0.183875
80	83	0.338537
80	84	0.305354
80	85	0.289694
80	86	0.429793
80	87	0.287843
80	88	0.283107
80	89	0.229744
81	81	1
81	82	0.260243
81	83	0.305156
81	84	0.223103
81	85	0.258098
81	86	0.400663
81	87	0.275592
81	88	0.179879
81	89	0.221686
82	82	1
82	83	0.074986
82	84	0.224277
82	85	0.306505
82	86	0.186648
82	87	0.49218
82	88	0.26009
82	89	0.358395
83	83	1
83	84	0.210031
83	85	0.217313
83	86	0.341948
83	87	0.093953
83	88	0.238635
83	89	-0.033843
84	84	1
84	85	0.253496
84	86	0.254772
84	87	0.288998
84	88	0.18228
84	89	0.229812
85	85	1
85	86	0.257783
85	87	0.265204
85	88	0.178073
85	89	0.300958
86	86	1
86	87	0.262209
86	88	0.214934
86	89	0.152574
87	87	1
87	88	0.292884
87	89	0.319569
88	88	1
88	89	0.175356
89	89	1