0.008209	0.001516635
0.008206078	0.001512702
0.008203155	0.001508791
0.008200233	0.001504903
0.008197311	0.001501038
0.008194388	0.001497196
0.008191466	0.001493377
0.008188543	0.001489581
0.008185621	0.001485807
0.0081827	0.001482058
0.008179777	0.001478331
0.008176855	0.001474626
0.008173932	0.001470944
0.00817101	0.001467285
0.008168088	0.001463649
0.008165165	0.001460032
0.008162242	0.001456426
0.008159319	0.001452832
0.008156397	0.00144925
0.008153474	0.001445679
0.008150551	0.001442121
0.008147629	0.001438574
0.008144706	0.001435038
0.008141783	0.001431515
0.00813886	0.001428003
0.008135938	0.001424503
0.008133016	0.001421016
0.008130093	0.001417539
0.00812717	0.001414075
0.008124248	0.001410621
0.008121325	0.00140718
0.008118402	0.001403751
0.008115479	0.001400333
0.008112557	0.001396927
0.008109634	0.001393532
0.008106711	0.00139015
0.008103789	0.001386779
0.008100866	0.00138342
0.008097943	0.001380072
0.00809502	0.001376737
0.008092098	0.001373413
0.008089175	0.0013701
0.008086252	0.0013668
0.00808333	0.001363512
0.008080408	0.001360235
0.008077485	0.00135697
0.008074562	0.001353717
0.00807164	0.001350475
0.008068717	0.001347245
0.008065794	0.001344027
0.008062871	0.00134082
0.008059949	0.001337626
0.008057026	0.001334443
0.008054103	0.001331271
0.00805118	0.001328112
0.008048258	0.001324964
0.008045335	0.001321828
0.008042412	0.001318704
0.00803949	0.001315591
0.008036567	0.00131249
0.008033645	0.001309402
0.008030722	0.001306325
0.0080278	0.001303259
0.008024877	0.001300205
0.008021954	0.001297163
0.008019031	0.001294133
0.008016109	0.001291114
0.008013186	0.001288107
0.008010263	0.001285112
0.00800734	0.001282129
0.008004418	0.001279157
0.008001495	0.001276197
0.007998572	0.001273249
0.00799565	0.001270313
0.007992727	0.001267388
0.007989804	0.001264475
0.007986881	0.001261574
0.00798396	0.001258685
0.007981037	0.001255807
0.007978114	0.001252941
0.007975191	0.001250087
0.007972269	0.001247245
0.007969346	0.001244414
0.007966423	0.001241595
0.0079635	0.001238788
0.007960578	0.001235992
0.007957655	0.001233208
0.007954732	0.001230436
0.00795181	0.001227676
0.007948887	0.001224927
0.007945964	0.00122219
0.007943041	0.001219465
0.007940119	0.001216752
0.007937197	0.001214051
0.007934274	0.001211361
0.007931351	0.001208683
0.007928429	0.001206017
0.007925506	0.001203362
0.007922583	0.001200719
0.00791966	0.001198088
0.007916738	0.001195469
0.007913815	0.001192861
0.007910892	0.001190265
0.00790797	0.001187681
0.007905047	0.001185108
0.007902124	0.001182548
0.007899201	0.001179999
0.007896279	0.001177461
0.007893356	0.001174936
0.007890433	0.001172422
0.007887511	0.001169921
0.007884589	0.001167431
0.007881666	0.001164952
0.007878743	0.001162485
0.00787582	0.00116003
0.007872898	0.001157587
0.007869975	0.001155155
0.007867052	0.001152736
0.00786413	0.001150328
0.007861207	0.001147931
0.007858284	0.001145547
0.007855361	0.001143174
0.007852439	0.001140813
0.007849516	0.001138463
0.007846593	0.001136126
0.00784367	0.0011338
0.007840748	0.001131486
0.007837826	0.001129184
0.007834903	0.001126893
0.007831981	0.001124614
0.007829058	0.001122347
0.007826135	0.001120092
0.007823212	0.001117848
0.00782029	0.001115616
0.007817367	0.001113396
0.007814444	0.001111186
0.007811521	0.001108984
0.007808598	0.00110679
0.007805675	0.001104603
0.007802752	0.001102425
0.00779983	0.001100254
0.007796907	0.00109809
0.007793984	0.001095934
0.00779106	0.001093782
0.007788137	0.001091634
0.007785213	0.001089491
0.007782289	0.001087351
0.007779366	0.001085216
0.007776443	0.001083085
0.007773519	0.001080958
0.007770595	0.001078835
0.007767672	0.001076716
0.007764748	0.001074602
0.007761824	0.001072491
0.007758901	0.001070385
0.007755977	0.001068283
0.007753053	0.001066185
0.00775013	0.001064091
0.007747207	0.001062002
0.007744283	0.001059916
0.007741359	0.001057835
0.007738436	0.001055757
0.007735512	0.001053684
0.007732588	0.001051615
0.007729665	0.00104955
0.007726742	0.00104749
0.007723818	0.001045434
0.007720894	0.001043381
0.007717971	0.001041333
0.007715047	0.001039289
0.007712124	0.001037249
0.0077092	0.001035213
0.007706276	0.001033181
0.007703353	0.001031154
0.007700429	0.001029131
0.007697506	0.001027112
0.007694582	0.001025096
0.007691659	0.001023086
0.007688735	0.001021079
0.007685811	0.001019076
0.007682888	0.001017078
0.007679964	0.001015083
0.007677041	0.001013093
0.007674117	0.001011107
0.007671194	0.001009125
0.00766827	0.001007148
0.007665346	0.001005174
0.007662423	0.001003205
0.007659499	0.001001239
0.007656575	0.000999278
0.007653652	0.000997321
0.007650729	0.000995368
0.007647805	0.00099342
0.007644881	0.000991475
0.007641958	0.000989535
0.007639034	0.000987598
0.007636111	0.000985666
0.007633187	0.000983738
0.007630263	0.000981814
0.00762734	0.000979895
0.007624417	0.000977979
0.007621493	0.000976068
0.007618569	0.00097416
0.007615646	0.000972257
0.007612722	0.000970358
0.007609798	0.000968463
0.007606875	0.000966573
0.007603951	0.000964686
0.007601028	0.000962804
0.007598104	0.000960926
0.007595181	0.000959052
0.007592257	0.000957182
0.007589333	0.000955316
0.00758641	0.000953454
0.007583486	0.000951597
0.007580563	0.000949743
0.007577639	0.000947894
0.007574716	0.000946049
0.007571792	0.000944208
0.007568868	0.000942371
0.007565945	0.000940539
0.007563021	0.00093871
0.007560098	0.000936886
0.007557174	0.000935065
0.007554251	0.00093325
0.007551327	0.000931438
0.007548404	0.00092963
0.00754548	0.000927826
0.007542556	0.000926027
0.007539633	0.000924231
0.007536709	0.00092244
0.007533785	0.000920653
0.007530862	0.00091887
0.007527939	0.000917092
0.007525015	0.000915317
0.007522091	0.000913547
0.007519168	0.00091178
0.007516244	0.000910018
0.00751332	0.00090826
0.007510397	0.000906506
0.007507473	0.000904756
0.00750455	0.000903011
0.007501626	0.00090127
0.007498703	0.000899532
0.007495779	0.000897799
0.007492855	0.00089607
0.007489932	0.000894345
0.007487008	0.000892624
0.007484085	0.000890908
0.007481161	0.000889195
0.007478238	0.000887487
0.007475314	0.000885783
0.00747239	0.000884083
0.007469467	0.000882387
0.007466543	0.000880696
0.00746362	0.000879008
0.007460696	0.000877325
0.007457772	0.000875645
0.007454849	0.000873971
0.007451926	0.0008723
0.007449002	0.000870633
0.007446078	0.00086897
0.007443155	0.000867312
0.007440231	0.000865657
0.007437307	0.000864007
0.007434384	0.000862361
0.00743146	0.000860719
0.007428537	0.000859081
0.007425613	0.000857447
0.00742269	0.000855818
0.007419766	0.000854193
0.007416843	0.000852571
0.007413919	0.000850954
0.007410995	0.000849341
0.007408072	0.000847733
0.007405149	0.000846128
0.007402225	0.000844528
0.007399301	0.000842931
0.007396378	0.000841339
0.007393454	0.000839751
0.00739053	0.000838167
0.007387607	0.000836587
0.007384683	0.000835012
0.007381759	0.00083344
0.007378836	0.000831873
0.007375912	0.00083031
0.007372989	0.000828751
0.007370065	0.000827196
0.007367142	0.000825645
0.007364218	0.000824099
0.007361295	0.000822556
0.007358371	0.000821018
0.007355448	0.000819484
0.007352524	0.000817954
0.0073496	0.000816428
0.007346677	0.000814906
0.007343753	0.000813389
0.007340829	0.000811875
0.007337906	0.000810366
0.007334982	0.000808861
0.007332059	0.00080736
0.007329135	0.000805863
0.007326212	0.00080437
0.007323288	0.000802882
0.007320365	0.000801397
0.007317441	0.000799917
0.007314517	0.000798441
0.007311594	0.000796969
0.00730867	0.000795501
0.007305747	0.000794038
0.007302823	0.000792578
0.0072999	0.000791123
0.007296976	0.000789672
0.007294052	0.000788224
0.007291129	0.000786781
0.007288205	0.000785343
0.007285281	0.000783908
0.007282358	0.000782478
0.007279435	0.000781051
0.007276511	0.000779629
0.007273587	0.000778211
0.007270664	0.000776797
0.00726774	0.000775387
0.007264817	0.000773982
0.007261893	0.00077258
0.007258969	0.000771183
0.007256046	0.00076979
0.007253123	0.000768401
0.007250199	0.000767016
0.007247275	0.000765635
0.007244352	0.000764258
0.007241428	0.000762886
0.007238504	0.000761517
0.007235581	0.000760153
0.007232658	0.000758793
0.007229734	0.000757437
0.00722681	0.000756086
0.007223887	0.000754738
0.007220963	0.000753395
0.007218039	0.000752055
0.007215116	0.00075072
0.007212192	0.000749389
0.007209269	0.000748062
0.007206345	0.00074674
0.007203422	0.000745421
0.007200498	0.000744106
0.007197575	0.000742796
0.007194651	0.000741489
0.007191728	0.000740185
0.007188805	0.000738886
0.007185881	0.00073759
0.007182958	0.000736299
0.007180035	0.000735011
0.007177111	0.000733727
0.007174188	0.000732447
0.007171264	0.00073117
0.007168341	0.000729898
0.007165418	0.000728629
0.007162494	0.000727364
0.007159571	0.000726103
0.007156648	0.000724846
0.007153724	0.000723593
0.007150801	0.000722343
0.007147877	0.000721097
0.007144954	0.000719855
0.007142031	0.000718617
0.007139107	0.000717383
0.007136184	0.000716152
0.007133261	0.000714926
0.007130337	0.000713703
0.007127414	0.000712484
0.00712449	0.000711269
0.007121567	0.000710058
0.007118644	0.00070885
0.00711572	0.000707646
0.007112797	0.000706447
0.007109873	0.000705251
0.00710695	0.000704059
0.007104027	0.00070287
0.007101104	0.000701686
0.00709818	0.000700505
0.007095257	0.000699328
0.007092333	0.000698155
0.00708941	0.000696986
0.007086486	0.00069582
0.007083563	0.000694659
0.00708064	0.000693501
0.007077716	0.000692347
0.007074793	0.000691197
0.007071869	0.000690051
0.007068946	0.000688908
0.007066023	0.00068777
0.007063099	0.000686635
0.007060176	0.000685504
0.007057253	0.000684377
0.00705433	0.000683254
0.007051406	0.000682134
0.007048483	0.000681019
0.007045559	0.000679907
0.007042636	0.000678799
0.007039712	0.000677695
0.007036789	0.000676594
0.007033866	0.000675498
0.007030943	0.000674405
0.007028019	0.000673316
0.007025096	0.000672231
0.007022172	0.00067115
0.007019249	0.000670073
0.007016325	0.000668999
0.007013402	0.00066793
0.007010479	0.000666864
0.007007555	0.000665802
0.007004632	0.000664744
0.007001709	0.000663689
0.006998785	0.000662638
0.006995862	0.000661592
0.006992938	0.000660549
0.006990015	0.00065951
0.006987091	0.000658474
0.006984169	0.000657443
0.006981245	0.000656415
0.006978322	0.000655392
0.006975398	0.000654372
0.006972475	0.000653356
0.006969551	0.000652343
0.006966628	0.000651335
0.006963705	0.00065033
0.006960781	0.000649329
0.006957858	0.000648332
0.006954935	0.000647339
0.006952011	0.00064635
0.006949088	0.000645364
0.006946164	0.000644383
0.006943241	0.000643405
0.006940317	0.000642431
0.006937394	0.00064146
0.006934471	0.000640494
0.006931548	0.000639532
0.006928624	0.000638573
0.006925701	0.000637618
0.006922777	0.000636667
0.006919854	0.00063572
0.00691693	0.000634776
0.006914007	0.000633837
0.006911084	0.000632901
0.00690816	0.000631969
0.006905237	0.000631039
0.006902313	0.000630111
0.006899389	0.000629185
0.006896466	0.000628262
0.006893542	0.000627341
0.006890619	0.000626422
0.006887695	0.000625506
0.006884772	0.000624592
0.006881848	0.00062368
0.006878924	0.00062277
0.006876001	0.000621862
0.006873077	0.000620957
0.006870153	0.000620054
0.00686723	0.000619154
0.006864306	0.000618255
0.006861383	0.000617359
0.006858459	0.000616465
0.006855536	0.000615574
0.006852612	0.000614684
0.006849688	0.000613797
0.006846765	0.000612912
0.006843841	0.000612029
0.006840917	0.000611149
0.006837994	0.000610271
0.006835071	0.000609395
0.006832147	0.000608522
0.006829223	0.00060765
0.006826299	0.000606781
0.006823376	0.000605914
0.006820452	0.00060505
0.006817529	0.000604188
0.006814605	0.000603327
0.006811682	0.00060247
0.006808758	0.000601614
0.006805834	0.000600761
0.006802911	0.00059991
0.006799987	0.000599061
0.006797064	0.000598215
0.00679414	0.00059737
0.006791216	0.000596528
0.006788293	0.000595689
0.006785369	0.000594851
0.006782446	0.000594016
0.006779522	0.000593183
0.006776599	0.000592353
0.006773675	0.000591524
0.006770751	0.000590698
0.006767827	0.000589874
0.006764904	0.000589052
0.006761981	0.000588233
0.006759057	0.000587416
0.006756133	0.000586601
0.00675321	0.000585788
0.006750286	0.000584976
0.006747363	0.000584166
0.006744439	0.000583357
0.006741516	0.00058255
0.006738593	0.000581744
0.006735669	0.00058094
0.006732746	0.000580138
0.006729822	0.000579337
0.006726899	0.000578538
0.006723975	0.00057774
0.006721052	0.000576944
0.006718128	0.000576149
0.006715205	0.000575356
0.006712281	0.000574564
0.006709358	0.000573774
0.006706434	0.000572985
0.006703511	0.000572198
0.006700587	0.000571413
0.006697664	0.000570629
0.00669474	0.000569847
0.006691817	0.000569066
0.006688894	0.000568287
0.00668597	0.000567509
0.006683047	0.000566733
0.006680123	0.000565958
0.0066772	0.000565185
0.006674276	0.000564413
0.006671353	0.000563643
0.006668429	0.000562875
0.006665506	0.000562108
0.006662583	0.000561343
0.006659659	0.000560579
0.006656735	0.000559817
0.006653812	0.000559056
0.006650888	0.000558297
0.006647965	0.000557539
0.006645041	0.000556783
0.006642118	0.000556028
0.006639195	0.000555275
0.006636271	0.000554524
0.006633348	0.000553774
0.006630424	0.000553026
0.006627501	0.000552279
0.006624577	0.000551534
0.006621654	0.00055079
0.00661873	0.000550048
0.006615807	0.000549307
0.006612883	0.000548568
0.00660996	0.00054783
0.006607036	0.000547094
0.006604113	0.00054636
0.006601189	0.000545627
0.006598266	0.000544896
0.006595342	0.000544166
0.006592419	0.000543438
0.006589496	0.000542711
0.006586572	0.000541986
0.006583648	0.000541262
0.006580725	0.00054054
0.006577801	0.000539819
0.006574878	0.000539099
0.006571954	0.000538381
0.006569031	0.000537665
0.006566107	0.00053695
0.006563184	0.000536237
0.00656026	0.000535525
0.006557337	0.000534814
0.006554413	0.000534104
0.00655149	0.000533396
0.006548566	0.00053269
0.006545642	0.000531985
0.006542719	0.000531281
0.006539796	0.000530578
0.006536872	0.000529877
0.006533949	0.000529178
0.006531025	0.000528479
0.006528101	0.000527782
0.006525178	0.000527087
0.006522254	0.000526393
0.006519331	0.0005257
0.006516408	0.000525009
0.006513484	0.000524319
0.00651056	0.00052363
0.006507637	0.000522943
0.006504713	0.000522257
0.00650179	0.000521573
0.006498866	0.00052089
0.006495942	0.000520208
0.006493019	0.000519528
0.006490096	0.000518849
0.006487172	0.000518171
0.006484248	0.000517495
0.006481325	0.00051682
0.006478401	0.000516146
0.006475478	0.000515474
0.006472554	0.000514802
0.00646963	0.000514132
0.006466707	0.000513464
0.006463784	0.000512796
0.00646086	0.000512129
0.006457936	0.000511464
0.006455013	0.0005108
0.006452089	0.000510137
0.006449165	0.000509476
0.006446242	0.000508815
0.006443318	0.000508156
0.006440395	0.000507499
0.006437471	0.000506842
0.006434548	0.000506186
0.006431624	0.000505532
0.006428701	0.000504879
0.006425777	0.000504227
0.006422853	0.000503577
0.00641993	0.000502927
0.006417006	0.000502279
0.006414083	0.000501632
0.006411159	0.000500987
0.006408236	0.000500342
0.006405312	0.000499699
0.006402388	0.000499057
0.006399465	0.000498416
0.006396542	0.000497776
0.006393618	0.000497137
0.006390695	0.0004965
0.006387772	0.000495863
0.006384849	0.000495227
0.006381925	0.000494592
0.006379002	0.000493958
0.006376079	0.000493325
0.006373155	0.000492692
0.006370232	0.000492061
0.006367309	0.000491431
0.006364386	0.000490802
0.006361463	0.000490174
0.006358539	0.000489547
0.006355616	0.000488921
0.006352693	0.000488296
0.006349769	0.000487672
0.006346846	0.000487049
0.006343923	0.000486426
0.006341	0.000485805
0.006338076	0.000485185
0.006335153	0.000484566
0.00633223	0.000483948
0.006329307	0.000483331
0.006326383	0.000482714
0.00632346	0.000482099
0.006320537	0.000481485
0.006317614	0.000480872
0.006314691	0.00048026
0.006311767	0.000479648
0.006308844	0.000479038
0.006305921	0.000478429
0.006302997	0.00047782
0.006300074	0.000477213
0.006297151	0.000476607
0.006294227	0.000476002
0.006291304	0.000475397
0.006288381	0.000474794
0.006285458	0.000474192
0.006282535	0.00047359
0.006279611	0.00047299
0.006276688	0.00047239
0.006273764	0.000471792
0.006270841	0.000471195
0.006267918	0.000470598
0.006264995	0.000470003
0.006262072	0.000469408
0.006259148	0.000468815
0.006256225	0.000468223
0.006253302	0.000467631
0.006250379	0.000467041
0.006247455	0.000466451
0.006244532	0.000465863
0.006241609	0.000465275
0.006238686	0.000464689
0.006235763	0.000464103
0.006232839	0.000463519
0.006229916	0.000462935
0.006226993	0.000462353
0.006224069	0.000461771
0.006221146	0.00046119
0.006218223	0.000460611
0.0062153	0.000460032
0.006212376	0.000459455
0.006209453	0.000458878
0.00620653	0.000458302
0.006203606	0.000457728
0.006200683	0.000457154
0.00619776	0.000456581
0.006194837	0.00045601
0.006191914	0.000455439
0.00618899	0.00045487
0.006186067	0.000454301
0.006183144	0.000453733
0.00618022	0.000453166
0.006177297	0.000452601
0.006174374	0.000452036
0.006171451	0.000451472
0.006168528	0.00045091
0.006165604	0.000450348
0.006162681	0.000449787
0.006159758	0.000449227
0.006156834	0.000448668
0.006153911	0.000448111
0.006150988	0.000447554
0.006148064	0.000446998
0.006145142	0.000446443
0.006142218	0.000445889
0.006139295	0.000445337
0.006136372	0.000444785
0.006133448	0.000444234
0.006130525	0.000443684
0.006127602	0.000443135
0.006124678	0.000442587
0.006121755	0.00044204
0.006118832	0.000441494
0.006115909	0.000440949
0.006112985	0.000440405
0.006110062	0.000439863
0.006107139	0.000439321
0.006104216	0.00043878
0.006101292	0.00043824
0.006098369	0.000437701
0.006095446	0.000437163
0.006092523	0.000436626
0.0060896	0.00043609
0.006086676	0.000435555
0.006083753	0.000435021
0.00608083	0.000434487
0.006077906	0.000433955
0.006074983	0.000433424
0.00607206	0.000432894
0.006069137	0.000432365
0.006066213	0.000431837
0.00606329	0.00043131
0.006060367	0.000430784
0.006057444	0.000430259
0.00605452	0.000429735
0.006051597	0.000429211
0.006048674	0.000428689
0.006045751	0.000428168
0.006042827	0.000427648
0.006039904	0.000427129
0.006036981	0.000426611
0.006034057	0.000426093
0.006031134	0.000425577
0.006028211	0.000425062
0.006025288	0.000424548
0.006022364	0.000424034
0.006019441	0.000423522
0.006016518	0.000423011
0.006013595	0.000422501
0.006010672	0.000421991
0.006007748	0.000421483
0.006004825	0.000420976
0.006001902	0.000420469
0.005998978	0.000419964
0.005996055	0.00041946
0.005993132	0.000418957
0.005990209	0.000418454
0.005987285	0.000417953
0.005984362	0.000417452
0.005981439	0.000416953
0.005978515	0.000416454
0.005975592	0.000415956
0.005972669	0.000415459
0.005969746	0.000414963
0.005966822	0.000414468
0.005963899	0.000413973
0.005960976	0.00041348
0.005958052	0.000412987
0.005955129	0.000412495
0.005952206	0.000412004
0.005949282	0.000411514
0.005946359	0.000411025
0.005943436	0.000410537
0.005940513	0.000410049
0.005937589	0.000409563
0.005934666	0.000409077
0.005931742	0.000408592
0.005928819	0.000408108
0.005925896	0.000407625
0.005922973	0.000407143
0.00592005	0.000406662
0.005917126	0.000406181
0.005914203	0.000405702
0.00591128	0.000405223
0.005908356	0.000404745
0.005905433	0.000404268
0.00590251	0.000403792
0.005899586	0.000403317
0.005896663	0.000402843
0.00589374	0.000402369
0.005890816	0.000401897
0.005887893	0.000401425
0.00588497	0.000400954
0.005882046	0.000400484
0.005879123	0.000400015
0.0058762	0.000399547
0.005873277	0.00039908
0.005870354	0.000398613
0.00586743	0.000398148
0.005864507	0.000397683
0.005861583	0.000397219
0.00585866	0.000396756
0.005855737	0.000396294
0.005852813	0.000395833
0.00584989	0.000395372
0.005846967	0.000394913
0.005844044	0.000394454
0.00584112	0.000393997
0.005838197	0.00039354
0.005835273	0.000393084
0.00583235	0.000392628
0.005829427	0.000392174
0.005826503	0.00039172
0.00582358	0.000391268
0.005820657	0.000390816
0.005817734	0.000390365
0.00581481	0.000389914
0.005811887	0.000389465
0.005808963	0.000389016
0.00580604	0.000388569
0.005803117	0.000388122
0.005800193	0.000387676
0.00579727	0.00038723
0.005794347	0.000386786
0.005791424	0.000386342
0.0057885	0.0003859
0.005785577	0.000385458
0.005782653	0.000385016
0.00577973	0.000384576
0.005776807	0.000384137
0.005773884	0.000383698
0.00577096	0.00038326
0.005768037	0.000382824
0.005765113	0.000382387
0.00576219	0.000381952
0.005759267	0.000381518
0.005756343	0.000381084
0.00575342	0.000380651
0.005750496	0.000380219
0.005747573	0.000379788
0.00574465	0.000379358
0.005741727	0.000378928
0.005738803	0.000378499
0.005735879	0.000378071
0.005732956	0.000377644
0.005730033	0.000377218
0.005727109	0.000376792
0.005724186	0.000376367
0.005721263	0.000375943
0.005718339	0.00037552
0.005715416	0.000375097
0.005712492	0.000374675
0.005709569	0.000374254
0.005706645	0.000373834
0.005703722	0.000373415
0.005700799	0.000372996
0.005697876	0.000372578
0.005694952	0.000372161
0.005692028	0.000371745
0.005689105	0.00037133
0.005686181	0.000370915
0.005683258	0.000370501
0.005680335	0.000370088
0.005677411	0.000369676
0.005674488	0.000369264
0.005671565	0.000368853
0.005668641	0.000368443
0.005665718	0.000368034
0.005662794	0.000367626
0.005659871	0.000367218
0.005656947	0.000366811
0.005654024	0.000366405
0.005651101	0.000366
0.005648178	0.000365595
0.005645254	0.000365192
0.00564233	0.000364789
0.005639407	0.000364387
0.005636484	0.000363985
0.00563356	0.000363585
0.005630637	0.000363185
0.005627713	0.000362786
0.00562479	0.000362388
0.005621867	0.00036199
0.005618943	0.000361594
0.00561602	0.000361198
0.005613096	0.000360803
0.005610173	0.000360408
0.005607249	0.000360015
0.005604326	0.000359622
0.005601403	0.00035923
0.005598479	0.000358839
0.005595556	0.000358449
0.005592632	0.000358059
0.005589709	0.00035767
0.005586786	0.000357282
0.005583862	0.000356895
0.005580939	0.000356509
0.005578015	0.000356123
0.005575092	0.000355738
0.005572169	0.000355354
0.005569245	0.000354971
0.005566322	0.000354588
0.005563398	0.000354207
0.005560475	0.000353826
0.005557551	0.000353445
0.005554628	0.000353066
0.005551705	0.000352688
0.005548782	0.00035231
0.005545858	0.000351933
0.005542935	0.000351556
0.005540011	0.000351181
0.005537088	0.000350806
0.005534164	0.000350432
0.005531241	0.000350058
0.005528318	0.000349686
0.005525394	0.000349314
0.005522471	0.000348943
0.005519547	0.000348572
0.005516624	0.000348203
0.005513701	0.000347834
0.005510777	0.000347466
0.005507854	0.000347099
0.00550493	0.000346732
0.005502007	0.000346366
0.005499084	0.000346001
0.005496161	0.000345637
0.005493237	0.000345273
0.005490314	0.00034491
0.00548739	0.000344548
0.005484467	0.000344187
0.005481543	0.000343826
0.00547862	0.000343466
0.005475697	0.000343107
0.005472774	0.000342749
0.00546985	0.000342391
0.005466927	0.000342035
0.005464003	0.000341679
0.00546108	0.000341323
0.005458157	0.000340969
0.005455233	0.000340615
0.00545231	0.000340262
0.005449387	0.000339909
0.005446463	0.000339558
0.00544354	0.000339207
0.005440616	0.000338857
0.005437693	0.000338507
0.005434769	0.000338158
0.005431846	0.00033781
0.005428923	0.000337463
0.005426	0.000337116
0.005423076	0.00033677
0.005420153	0.000336424
0.005417229	0.000336079
0.005414306	0.000335735
0.005411382	0.000335392
0.005408459	0.000335049
0.005405535	0.000334707
0.005402612	0.000334366
0.005399689	0.000334026
0.005396765	0.000333686
0.005393842	0.000333346
0.005390918	0.000333008
0.005387995	0.00033267
0.005385072	0.000332333
0.005382148	0.000331996
0.005379225	0.000331661
0.005376302	0.000331326
0.005373378	0.000330991
0.005370455	0.000330658
0.005367531	0.000330325
0.005364608	0.000329992
0.005361684	0.000329661
0.005358761	0.00032933
0.005355838	0.000328999
0.005352915	0.00032867
0.005349991	0.000328341
0.005347068	0.000328013
0.005344145	0.000327685
0.005341221	0.000327359
0.005338298	0.000327033
0.005335374	0.000326707
0.005332451	0.000326382
0.005329528	0.000326058
0.005326604	0.000325735
0.005323681	0.000325412
0.005320757	0.00032509
0.005317834	0.000324769
0.00531491	0.000324448
0.005311987	0.000324129
0.005309064	0.000323809
0.00530614	0.000323491
0.005303217	0.000323173
0.005300294	0.000322856
0.00529737	0.000322539
0.005294447	0.000322224
0.005291523	0.000321909
0.0052886	0.000321594
0.005285676	0.00032128
0.005282753	0.000320967
0.00527983	0.000320655
0.005276907	0.000320344
0.005273983	0.000320033
0.00527106	0.000319722
0.005268136	0.000319413
0.005265213	0.000319104
0.005262289	0.000318796
0.005259366	0.000318488
0.005256442	0.000318181
0.005253519	0.000317875
0.005250596	0.00031757
0.005247673	0.000317265
0.005244749	0.000316961
0.005241826	0.000316658
0.005238902	0.000316355
0.005235979	0.000316053
0.005233055	0.000315752
0.005230132	0.000315451
0.005227209	0.000315151
0.005224285	0.000314852
0.005221362	0.000314554
0.005218439	0.000314256
0.005215515	0.000313959
0.005212592	0.000313662
0.005209668	0.000313366
0.005206745	0.000313071
0.005203822	0.000312777
0.005200898	0.000312483
0.005197975	0.00031219
0.005195052	0.000311898
0.005192128	0.000311606
0.005189205	0.000311315
0.005186281	0.000311025
0.005183358	0.000310736
0.005180435	0.000310447
0.005177511	0.000310159
0.005174588	0.000309871
0.005171665	0.000309584
0.005168741	0.000309298
0.005165818	0.000309013
0.005162894	0.000308728
0.005159971	0.000308444
0.005157048	0.000308161
0.005154124	0.000307878
0.005151201	0.000307595
0.005148277	0.000307314
0.005145353	0.000307033
0.00514243	0.000306752
0.005139506	0.000306472
0.005136583	0.000306193
0.005133659	0.000305914
0.005130736	0.000305635
0.005127813	0.000305358
0.005124889	0.000305081
0.005121966	0.000304804
0.005119042	0.000304528
0.005116118	0.000304253
0.005113195	0.000303978
0.005110271	0.000303703
0.005107348	0.00030343
0.005104425	0.000303157
0.005101501	0.000302884
0.005098578	0.000302612
0.005095654	0.000302341
0.005092731	0.00030207
0.005089807	0.0003018
0.005086883	0.00030153
0.00508396	0.000301261
0.005081037	0.000300992
0.005078113	0.000300724
0.00507519	0.000300457
0.005072266	0.00030019
0.005069342	0.000299923
0.005066419	0.000299658
0.005063496	0.000299393
0.005060572	0.000299128
0.005057649	0.000298864
0.005054725	0.000298601
0.005051802	0.000298338
0.005048878	0.000298075
0.005045955	0.000297814
0.005043031	0.000297553
0.005040108	0.000297292
0.005037184	0.000297032
0.005034261	0.000296772
0.005031338	0.000296514
0.005028414	0.000296255
0.005025491	0.000295997
0.005022567	0.00029574
0.005019643	0.000295484
0.00501672	0.000295227
0.005013797	0.000294972
0.005010873	0.000294717
0.00500795	0.000294463
0.005005026	0.000294209
0.005002103	0.000293955
0.004999179	0.000293703
0.004996256	0.000293451
0.004993332	0.000293199
0.004990409	0.000292948
0.004987485	0.000292698
0.004984562	0.000292448
0.004981638	0.000292198
0.004978715	0.00029195
0.004975791	0.000291702
0.004972868	0.000291454
0.004969945	0.000291207
0.004967021	0.00029096
0.004964097	0.000290714
0.004961174	0.000290469
0.004958251	0.000290224
0.004955327	0.00028998
0.004952404	0.000289736
0.00494948	0.000289493
0.004946557	0.000289251
0.004943633	0.000289009
0.004940709	0.000288767
0.004937786	0.000288527
0.004934863	0.000288286
0.00493194	0.000288047
0.004929016	0.000287807
0.004926092	0.000287569
0.004923169	0.000287331
0.004920245	0.000287093
0.004917322	0.000286857
0.004914398	0.00028662
0.004911475	0.000286384
0.004908552	0.000286149
0.004905628	0.000285915
0.004902705	0.000285681
0.004899781	0.000285447
0.004896858	0.000285214
0.004893934	0.000284982
0.00489101	0.00028475
0.004888087	0.000284519
0.004885164	0.000284288
0.00488224	0.000284058
0.004879317	0.000283828
0.004876393	0.0002836
0.00487347	0.000283371
0.004870546	0.000283143
0.004867623	0.000282916
0.004864699	0.000282689
0.004861776	0.000282463
0.004858853	0.000282238
0.004855929	0.000282013
0.004853006	0.000281788
0.004850082	0.000281564
0.004847159	0.000281341
0.004844235	0.000281118
0.004841311	0.000280896
0.004838388	0.000280674
0.004835465	0.000280453
0.004832541	0.000280233
0.004829618	0.000280013
0.004826694	0.000279793
0.004823771	0.000279574
0.004820847	0.000279355
0.004817924	0.000279137
0.004815	0.00027892
0.004812077	0.000278702
0.004809154	0.000278486
0.00480623	0.00027827
0.004803307	0.000278054
0.004800384	0.000277839
0.00479746	0.000277624
0.004794537	0.000277409
0.004791613	0.000277195
0.00478869	0.000276981
0.004785767	0.000276768
0.004782844	0.000276555
0.00477992	0.000276343
0.004776997	0.000276131
0.004774073	0.000275919
0.00477115	0.000275707
0.004768227	0.000275496
0.004765303	0.000275286
0.00476238	0.000275075
0.004759457	0.000274865
0.004756533	0.000274656
0.00475361	0.000274446
0.004750687	0.000274237
0.004747763	0.000274029
0.00474484	0.000273821
0.004741917	0.000273613
0.004738993	0.000273405
0.00473607	0.000273198
0.004733147	0.000272991
0.004730223	0.000272785
0.0047273	0.000272579
0.004724377	0.000272373
0.004721453	0.000272167
0.00471853	0.000271962
0.004715607	0.000271758
0.004712683	0.000271553
0.00470976	0.00027135
0.004706837	0.000271146
0.004703913	0.000270943
0.00470099	0.00027074
0.004698067	0.000270537
0.004695143	0.000270335
0.00469222	0.000270133
0.004689296	0.000269932
0.004686374	0.000269731
0.00468345	0.00026953
0.004680527	0.000269329
0.004677603	0.000269129
0.00467468	0.00026893
0.004671757	0.00026873
0.004668833	0.000268531
0.00466591	0.000268333
0.004662987	0.000268134
0.004660063	0.000267937
0.00465714	0.000267739
0.004654217	0.000267542
0.004651293	0.000267345
0.00464837	0.000267148
0.004645447	0.000266952
0.004642523	0.000266757
0.0046396	0.000266561
0.004636677	0.000266366
0.004633753	0.000266171
0.00463083	0.000265977
0.004627907	0.000265783
0.004624983	0.000265589
0.00462206	0.000265396
0.004619137	0.000265203
0.004616213	0.00026501
0.00461329	0.000264818
0.004610367	0.000264626
0.004607444	0.000264435
0.00460452	0.000264244
0.004601597	0.000264053
0.004598673	0.000263862
0.00459575	0.000263672
0.004592827	0.000263482
0.004589903	0.000263293
0.00458698	0.000263104
0.004584057	0.000262915
0.004581134	0.000262727
0.00457821	0.000262539
0.004575287	0.000262351
0.004572364	0.000262164
0.00456944	0.000261977
0.004566517	0.00026179
0.004563594	0.000261604
0.00456067	0.000261418
0.004557747	0.000261232
0.004554824	0.000261047
0.0045519	0.000260862
0.004548977	0.000260678
0.004546054	0.000260493
0.00454313	0.00026031
0.004540207	0.000260126
0.004537284	0.000259943
0.004534361	0.00025976
0.004531437	0.000259578
0.004528514	0.000259396
0.00452559	0.000259214
0.004522667	0.000259033
0.004519744	0.000258852
0.00451682	0.000258671
0.004513897	0.000258491
0.004510974	0.000258311
0.004508051	0.000258131
0.004505127	0.000257952
0.004502204	0.000257773
0.004499281	0.000257594
0.004496357	0.000257416
0.004493434	0.000257238
0.00449051	0.000257061
0.004487588	0.000256884
0.004484664	0.000256707
0.004481741	0.00025653
0.004478818	0.000256354
0.004475894	0.000256178
0.004472971	0.000256002
0.004470048	0.000255827
0.004467124	0.000255652
0.004464202	0.000255478
0.004461278	0.000255303
0.004458355	0.000255129
0.004455432	0.000254956
0.004452508	0.000254782
0.004449585	0.000254609
0.004446662	0.000254437
0.004443738	0.000254264
0.004440816	0.000254092
0.004437892	0.00025392
0.004434969	0.000253749
0.004432046	0.000253578
0.004429122	0.000253407
0.004426199	0.000253237
0.004423276	0.000253067
0.004420353	0.000252897
0.004417429	0.000252727
0.004414507	0.000252558
0.004411583	0.000252389
0.00440866	0.00025222
0.004405737	0.000252051
0.004402814	0.000251883
0.00439989	0.000251715
0.004396967	0.000251547
0.004394044	0.00025138
0.004391121	0.000251213
0.004388198	0.000251046
0.004385274	0.000250879
0.004382351	0.000250713
0.004379428	0.000250547
0.004376505	0.000250381
0.004373581	0.000250216
0.004370658	0.000250051
0.004367735	0.000249886
0.004364812	0.000249721
0.004361889	0.000249557
0.004358966	0.000249393
0.004356043	0.000249229
0.004353119	0.000249065
0.004350196	0.000248902
0.004347273	0.000248739
0.004344349	0.000248576
0.004341427	0.000248414
0.004338503	0.000248252
0.00433558	0.00024809
0.004332657	0.000247928
0.004329734	0.000247767
0.00432681	0.000247606
0.004323887	0.000247445
0.004320964	0.000247285
0.004318041	0.000247124
0.004315118	0.000246964
0.004312195	0.000246805
0.004309271	0.000246645
0.004306348	0.000246486
0.004303425	0.000246327
0.004300502	0.000246169
0.004297578	0.00024601
0.004294655	0.000245852
0.004291732	0.000245695
0.004288809	0.000245537
0.004285886	0.00024538
0.004282963	0.000245223
0.004280039	0.000245066
0.004277116	0.00024491
0.004274193	0.000244754
0.00427127	0.000244598
0.004268346	0.000244442
0.004265424	0.000244287
0.0042625	0.000244132
0.004259577	0.000243977
0.004256654	0.000243823
0.00425373	0.000243669
0.004250807	0.000243515
0.004247884	0.000243361
0.004244961	0.000243208
0.004242038	0.000243054
0.004239114	0.000242902
0.004236191	0.000242749
0.004233268	0.000242596
0.004230344	0.000242444
0.004227421	0.000242292
0.004224498	0.000242141
0.004221575	0.000241989
0.004218651	0.000241838
0.004215729	0.000241688
0.004212805	0.000241537
0.004209882	0.000241387
0.004206959	0.000241237
0.004204035	0.000241087
0.004201112	0.000240937
0.004198189	0.000240788
0.004195265	0.000240639
0.004192343	0.00024049
0.004189419	0.000240342
0.004186496	0.000240194
0.004183573	0.000240046
0.004180649	0.000239898
0.004177726	0.00023975
0.004174803	0.000239603
0.004171879	0.000239456
0.004168957	0.00023931
0.004166033	0.000239163
0.00416311	0.000239017
0.004160187	0.000238871
0.004157264	0.000238726
0.00415434	0.00023858
0.004151417	0.000238435
0.004148494	0.00023829
0.00414557	0.000238146
0.004142647	0.000238001
0.004139724	0.000237857
0.004136801	0.000237714
0.004133878	0.00023757
0.004130954	0.000237427
0.004128031	0.000237284
0.004125108	0.000237141
0.004122184	0.000236998
0.004119262	0.000236856
0.004116338	0.000236714
0.004113415	0.000236573
0.004110492	0.000236431
0.004107568	0.00023629
0.004104645	0.000236149
0.004101722	0.000236008
0.004098799	0.000235868
0.004095875	0.000235728
0.004092952	0.000235588
0.004090029	0.000235448
0.004087106	0.000235309
0.004084183	0.00023517
0.004081259	0.000235031
0.004078336	0.000234892
0.004075413	0.000234754
0.004072489	0.000234616
0.004069566	0.000234478
0.004066643	0.000234341
0.00406372	0.000234203
0.004060797	0.000234066
0.004057873	0.00023393
0.00405495	0.000233793
0.004052027	0.000233657
0.004049103	0.000233521
0.00404618	0.000233385
0.004043257	0.00023325
0.004040334	0.000233115
0.004037411	0.00023298
0.004034487	0.000232845
0.004031564	0.00023271
0.004028641	0.000232576
0.004025717	0.000232442
0.004022794	0.000232309
0.004019871	0.000232175
0.004016948	0.000232042
0.004014024	0.000231909
0.004011101	0.000231776
0.004008178	0.000231644
0.004005254	0.000231512
0.004002331	0.00023138
0.003999408	0.000231248
0.003996484	0.000231116
0.003993561	0.000230985
0.003990638	0.000230854
0.003987715	0.000230723
0.003984791	0.000230593
0.003981868	0.000230463
0.003978945	0.000230333
0.003976021	0.000230203
0.003973098	0.000230073
0.003970175	0.000229944
0.003967252	0.000229815
0.003964328	0.000229686
0.003961405	0.000229558
0.003958482	0.00022943
0.003955558	0.000229302
0.003952635	0.000229174
0.003949712	0.000229046
0.003946788	0.000228919
0.003943865	0.000228792
0.003940942	0.000228665
0.003938019	0.000228538
0.003935095	0.000228412
0.003932172	0.000228286
0.003929249	0.00022816
0.003926325	0.000228035
0.003923402	0.000227909
0.003920479	0.000227784
0.003917556	0.000227659
0.003914633	0.000227535
0.003911709	0.000227411
0.003908786	0.000227286
0.003905863	0.000227163
0.003902939	0.000227039
0.003900016	0.000226916
0.003897093	0.000226793
0.003894169	0.00022667
0.003891246	0.000226547
0.003888323	0.000226425
0.003885399	0.000226303
0.003882476	0.000226181
0.003879553	0.000226059
0.00387663	0.000225938
0.003873706	0.000225816
0.003870783	0.000225696
0.00386786	0.000225575
0.003864937	0.000225455
0.003862013	0.000225334
0.00385909	0.000225214
0.003856167	0.000225095
0.003853243	0.000224975
0.00385032	0.000224856
0.003847397	0.000224737
0.003844473	0.000224619
0.00384155	0.0002245
0.003838627	0.000224382
0.003835704	0.000224264
0.00383278	0.000224146
0.003829857	0.000224029
0.003826934	0.000223912
0.00382401	0.000223795
0.003821087	0.000223678
0.003818164	0.000223562
0.003815241	0.000223445
0.003812317	0.000223329
0.003809394	0.000223214
0.003806471	0.000223098
0.003803548	0.000222983
0.003800624	0.000222868
0.003797701	0.000222753
0.003794777	0.000222639
0.003791854	0.000222525
0.003788931	0.000222411
0.003786008	0.000222297
0.003783084	0.000222183
0.003780161	0.00022207
0.003777238	0.000221957
0.003774315	0.000221844
0.003771391	0.000221732
0.003768468	0.000221619
0.003765545	0.000221507
0.003762621	0.000221396
0.003759698	0.000221284
0.003756775	0.000221173
0.003753851	0.000221063
0.003750928	0.000220952
0.003748005	0.000220842
0.003745082	0.000220733
0.003742158	0.000220623
0.003739235	0.000220514
0.003736312	0.000220406
0.003733388	0.000220298
0.003730465	0.00022019
0.003727542	0.000220082
0.003724619	0.000219975
0.003721695	0.000219868
0.003718772	0.000219762
0.003715849	0.000219656
0.003712926	0.00021955
0.003710002	0.000219444
0.003707079	0.000219339
0.003704156	0.000219235
0.003701233	0.00021913
0.003698309	0.000219026
0.003695386	0.000218923
0.003692463	0.000218819
0.003689539	0.000218716
0.003686616	0.000218614
0.003683693	0.000218511
0.00368077	0.000218409
0.003677846	0.000218308
0.003674923	0.000218207
0.003672	0.000218106
0.003669076	0.000218005
0.003666153	0.000217905
0.00366323	0.000217805
0.003660306	0.000217706
0.003657383	0.000217606
0.00365446	0.000217508
0.003651536	0.000217409
0.003648613	0.000217311
0.00364569	0.000217213
0.003642766	0.000217115
0.003639843	0.000217017
0.00363692	0.00021692
0.003633996	0.000216824
0.003631073	0.000216727
0.00362815	0.000216631
0.003625226	0.000216535
0.003622303	0.00021644
0.00361938	0.000216344
0.003616456	0.000216249
0.003613533	0.000216155
0.003610609	0.00021606
0.003607686	0.000215966
0.003604763	0.000215872
0.00360184	0.000215779
0.003598916	0.000215686
0.003595993	0.000215593
0.00359307	0.0002155
0.003590146	0.000215408
0.003587223	0.000215316
0.0035843	0.000215224
0.003581376	0.000215133
0.003578453	0.000215041
0.00357553	0.000214951
0.003572606	0.00021486
0.003569683	0.00021477
0.00356676	0.00021468
0.003563837	0.000214591
0.003560914	0.000214502
0.00355799	0.000214413
0.003555067	0.000214325
0.003552144	0.000214237
0.003549221	0.000214149
0.003546297	0.000214062
0.003543374	0.000213974
0.003540451	0.000213888
0.003537528	0.000213801
0.003534604	0.000213715
0.003531681	0.000213629
0.003528758	0.000213543
0.003525835	0.000213457
0.003522911	0.000213372
0.003519989	0.000213287
0.003517065	0.000213202
0.003514142	0.000213118
0.003511219	0.000213034
0.003508295	0.00021295
0.003505372	0.000212867
0.003502449	0.000212783
0.003499526	0.0002127
0.003496602	0.000212618
0.003493679	0.000212535
0.003490756	0.000212453
0.003487833	0.000212371
0.003484909	0.00021229
0.003481986	0.000212208
0.003479063	0.000212127
0.00347614	0.000212046
0.003473216	0.000211966
0.003470293	0.000211886
0.00346737	0.000211806
0.003464447	0.000211726
0.003461524	0.000211647
0.003458601	0.000211568
0.003455677	0.000211489
0.003452754	0.00021141
0.003449831	0.000211332
0.003446907	0.000211254
0.003443984	0.000211176
0.003441061	0.000211099
0.003438138	0.000211022
0.003435214	0.000210945
0.003432291	0.000210868
0.003429368	0.000210792
0.003426445	0.000210716
0.003423522	0.00021064
0.003420599	0.000210565
0.003417675	0.00021049
0.003414752	0.000210415
0.003411829	0.00021034
0.003408906	0.000210266
0.003405982	0.000210192
0.003403059	0.000210118
0.003400136	0.000210045
0.003397213	0.000209972
0.00339429	0.000209899
0.003391366	0.000209826
0.003388443	0.000209754
0.00338552	0.000209682
0.003382597	0.00020961
0.003379674	0.000209539
0.00337675	0.000209468
0.003373827	0.000209397
0.003370904	0.000209326
0.003367981	0.000209256
0.003365058	0.000209186
0.003362134	0.000209116
0.003359211	0.000209047
0.003356288	0.000208978
0.003353365	0.000208909
0.003350441	0.00020884
0.003347518	0.000208772
0.003344595	0.000208704
0.003341672	0.000208636
0.003338749	0.000208569
0.003335825	0.000208501
0.003332902	0.000208434
0.003329979	0.000208368
0.003327056	0.000208302
0.003324132	0.000208236
0.003321209	0.00020817
0.003318286	0.000208104
0.003315363	0.000208039
0.003312439	0.000207974
0.003309516	0.00020791
0.003306593	0.000207845
0.00330367	0.000207781
0.003300747	0.000207717
0.003297824	0.000207654
0.0032949	0.00020759
0.003291977	0.000207527
0.003289054	0.000207465
0.00328613	0.000207402
0.003283207	0.00020734
0.003280284	0.000207278
0.003277361	0.000207216
0.003274437	0.000207155
0.003271514	0.000207093
0.003268591	0.000207033
0.003265668	0.000206972
0.003262744	0.000206911
0.003259821	0.000206851
0.003256898	0.000206791
0.003253975	0.000206732
0.003251052	0.000206672
0.003248129	0.000206613
0.003245205	0.000206554
0.003242282	0.000206495
0.003239359	0.000206437
0.003236436	0.000206379
0.003233513	0.00020632
0.003230589	0.000206263
0.003227666	0.000206205
0.003224743	0.000206148
0.00322182	0.00020609
0.003218897	0.000206033
0.003215973	0.000205977
0.00321305	0.00020592
0.003210127	0.000205864
0.003207204	0.000205808
0.003204281	0.000205752
0.003201357	0.000205696
0.003198434	0.000205641
0.003195511	0.000205586
0.003192588	0.000205531
0.003189665	0.000205476
0.003186742	0.000205421
0.003183818	0.000205367
0.003180895	0.000205313
0.003177972	0.000205259
0.003175049	0.000205205
0.003172126	0.000205152
0.003169202	0.000205099
0.003166279	0.000205046
0.003163356	0.000204993
0.003160433	0.000204941
0.00315751	0.000204888
0.003154586	0.000204836
0.003151663	0.000204784
0.00314874	0.000204733
0.003145817	0.000204681
0.003142894	0.00020463
0.00313997	0.000204579
0.003137047	0.000204529
0.003134124	0.000204478
0.003131201	0.000204428
0.003128278	0.000204378
0.003125354	0.000204328
0.003122431	0.000204279
0.003119508	0.000204229
0.003116585	0.00020418
0.003113661	0.000204131
0.003110738	0.000204083
0.003107815	0.000204034
0.003104892	0.000203986
0.003101969	0.000203938
0.003099046	0.000203891
0.003096122	0.000203843
0.003093199	0.000203796
0.003090276	0.000203749
0.003087353	0.000203702
0.00308443	0.000203656
0.003081506	0.000203609
0.003078583	0.000203563
0.00307566	0.000203517
0.003072737	0.000203472
0.003069814	0.000203427
0.00306689	0.000203381
0.003063967	0.000203336
0.003061044	0.000203292
0.003058121	0.000203247
0.003055197	0.000203203
0.003052274	0.000203159
0.003049351	0.000203115
0.003046428	0.000203072
0.003043505	0.000203029
0.003040581	0.000202986
0.003037658	0.000202943
0.003034735	0.0002029
0.003031812	0.000202858
0.003028889	0.000202816
0.003025966	0.000202774
0.003023042	0.000202732
0.003020119	0.000202691
0.003017196	0.00020265
0.003014272	0.000202609
0.003011349	0.000202568
0.003008426	0.000202528
0.003005503	0.000202487
0.00300258	0.000202447
0.002999657	0.000202407
0.002996733	0.000202368
0.00299381	0.000202329
0.002990887	0.00020229
0.002987964	0.000202251
0.00298504	0.000202212
0.002982117	0.000202174
0.002979194	0.000202135
0.002976271	0.000202098
0.002973348	0.00020206
0.002970424	0.000202022
0.002967501	0.000201985
0.002964578	0.000201948
0.002961655	0.000201911
0.002958732	0.000201875
0.002955808	0.000201838
0.002952885	0.000201802
0.002949962	0.000201767
0.002947039	0.000201731
0.002944116	0.000201696
0.002941192	0.00020166
0.002938269	0.000201625
0.002935346	0.000201591
0.002932423	0.000201556
0.002929499	0.000201522
0.002926577	0.000201488
0.002923653	0.000201454
0.00292073	0.000201421
0.002917807	0.000201387
0.002914884	0.000201354
0.00291196	0.000201321
0.002909037	0.000201289
0.002906114	0.000201256
0.002903191	0.000201224
0.002900268	0.000201192
0.002897344	0.00020116
0.002894421	0.000201129
0.002891498	0.000201098
0.002888575	0.000201067
0.002885652	0.000201036
0.002882728	0.000201005
0.002879805	0.000200975
0.002876882	0.000200944
0.002873959	0.000200914
0.002871036	0.000200884
0.002868112	0.000200855
0.002865189	0.000200825
0.002862266	0.000200796
0.002859343	0.000200767
0.00285642	0.000200738
0.002853496	0.00020071
0.002850573	0.000200682
0.00284765	0.000200653
0.002844727	0.000200625
0.002841804	0.000200598
0.002838881	0.00020057
0.002835957	0.000200543
0.002833034	0.000200516
0.002830111	0.000200489
0.002827188	0.000200462
0.002824265	0.000200436
0.002821341	0.00020041
0.002818418	0.000200384
0.002815495	0.000200358
0.002812572	0.000200332
0.002809648	0.000200307
0.002806725	0.000200282
0.002803802	0.000200257
0.002800879	0.000200232
0.002797956	0.000200207
0.002795033	0.000200183
0.002792109	0.000200159
0.002789187	0.000200135
0.002786263	0.000200111
0.00278334	0.000200088
0.002780417	0.000200064
0.002777494	0.000200041
0.00277457	0.000200019
0.002771647	0.000199996
0.002768724	0.000199973
0.002765801	0.000199951
0.002762878	0.000199929
0.002759954	0.000199907
0.002757031	0.000199886
0.002754108	0.000199864
0.002751185	0.000199843
0.002748262	0.000199822
0.002745339	0.000199801
0.002742416	0.000199781
0.002739492	0.00019976
0.002736569	0.00019974
0.002733646	0.00019972
0.002730723	0.0001997
0.0027278	0.00019968
0.002724877	0.000199661
0.002721953	0.000199641
0.00271903	0.000199622
0.002716107	0.000199603
0.002713184	0.000199584
0.002710261	0.000199566
0.002707337	0.000199547
0.002704414	0.000199529
0.002701491	0.000199511
0.002698568	0.000199493
0.002695645	0.000199475
0.002692721	0.000199457
0.002689798	0.00019944
0.002686875	0.000199423
0.002683952	0.000199406
0.002681029	0.000199389
0.002678106	0.000199372
0.002675182	0.000199356
0.002672259	0.000199339
0.002669336	0.000199323
0.002666413	0.000199307
0.00266349	0.000199291
0.002660566	0.000199275
0.002657643	0.00019926
0.00265472	0.000199244
0.002651797	0.000199229
0.002648873	0.000199214
0.00264595	0.000199199
0.002643027	0.000199184
0.002640104	0.00019917
0.002637181	0.000199155
0.002634257	0.000199141
0.002631334	0.000199127
0.002628411	0.000199113
0.002625488	0.0001991
0.002622565	0.000199086
0.002619641	0.000199073
0.002616718	0.000199059
0.002613795	0.000199046
0.002610872	0.000199033
0.002607948	0.000199021
0.002605025	0.000199008
0.002602102	0.000198996
0.002599179	0.000198984
0.002596256	0.000198971
0.002593333	0.00019896
0.002590409	0.000198948
0.002587486	0.000198936
0.002584563	0.000198925
0.002581639	0.000198914
0.002578716	0.000198903
0.002575793	0.000198892
0.00257287	0.000198881
0.002569947	0.00019887
0.002567023	0.00019886
0.0025641	0.00019885
0.002561177	0.00019884
0.002558254	0.00019883
0.002555331	0.00019882
0.002552408	0.00019881
0.002549484	0.000198801
0.002546561	0.000198792
0.002543638	0.000198782
0.002540715	0.000198773
0.002537792	0.000198764
0.002534868	0.000198756
0.002531945	0.000198747
0.002529022	0.000198738
0.002526099	0.00019873
0.002523176	0.000198722
0.002520252	0.000198714
0.00251733	0.000198706
0.002514406	0.000198698
0.002511483	0.00019869
0.00250856	0.000198683
0.002505637	0.000198675
0.002502714	0.000198668
0.00249979	0.000198661
0.002496867	0.000198654
0.002493944	0.000198647
0.002491021	0.000198641
0.002488098	0.000198634
0.002485175	0.000198628
0.002482252	0.000198622
0.002479328	0.000198615
0.002476405	0.000198609
0.002473482	0.000198604
0.002470558	0.000198598
0.002467636	0.000198592
0.002464712	0.000198587
0.002461789	0.000198582
0.002458866	0.000198577
0.002455943	0.000198572
0.00245302	0.000198567
0.002450097	0.000198562
0.002447173	0.000198558
0.00244425	0.000198553
0.002441327	0.000198549
0.002438404	0.000198545
0.002435481	0.000198541
0.002432558	0.000198537
0.002429635	0.000198534
0.002426711	0.00019853
0.002423788	0.000198527
0.002420865	0.000198524
0.002417942	0.000198521
0.002415019	0.000198518
0.002412095	0.000198515
0.002409172	0.000198513
0.002406249	0.00019851
0.002403326	0.000198508
0.002400403	0.000198506
0.00239748	0.000198504
0.002394557	0.000198502
0.002391634	0.0001985
0.00238871	0.000198499
0.002385787	0.000198498
0.002382864	0.000198497
0.002379941	0.000198496
0.002377018	0.000198495
0.002374094	0.000198494
0.002371172	0.000198494
0.002368248	0.000198494
0.002365325	0.000198494