1	1	1
1	2	0.117877
1	3	0.129786
1	4	0.19904
1	5	0.014643
1	6	0.05035
1	7	0.297806
1	8	0.124518
1	9	0.22004
1	10	0.112165
1	11	0.149184
1	12	0.13977
1	13	0.10241
1	14	0.127817
1	15	0.122314
1	16	0.169729
1	17	0.062875
1	18	-0.007276
1	19	0.085738
1	20	0.190298
1	21	0.005951
1	22	0.186172
1	23	0.119166
1	24	0.239276
1	25	0.132936
1	26	0.161924
1	27	0.28364
1	28	0.160434
1	29	0.048835
1	30	-0.039874
1	31	0.073391
1	32	0.23769
1	33	0.13846
1	34	0.061215
1	35	0.221064
1	36	0.087759
1	37	0.090555
1	38	0.077558
1	39	0.007536
1	40	0.190876
1	41	0.061925
1	42	0.128498
1	43	0.269369
1	44	0.222694
1	45	0.133525
1	46	0.136799
1	47	0.133377
1	48	0.082491
1	49	0.149189
1	50	0.119297
1	51	0.196113
1	52	0.035272
1	53	0.022251
1	54	0.174944
1	55	0.122955
1	56	0.029811
1	57	0.073711
1	58	0.042986
1	59	0.244443
1	60	0.119725
1	61	0.071618
1	62	0.088214
1	63	-0.029758
1	64	0.125716
1	65	0.041252
1	66	0.156687
1	67	0.165492
1	68	-0.020057
1	69	0.171659
1	70	0.153575
1	71	0.148999
1	72	0.126553
1	73	0.175187
1	74	0.120169
1	75	0.200142
1	76	0.057946
1	77	0.110478
1	78	0.054034
1	79	0.171645
1	80	0.149798
1	81	0.106326
1	82	0.118303
1	83	0.039591
1	84	0.233897
1	85	0.167571
1	86	0.172373
1	87	0.111605
1	88	0.287102
1	89	0.147183
1	90	0.118262
1	91	0.121157
1	92	0.060589
1	93	0.145435
1	94	0.259586
1	95	0.206088
1	96	0.160263
1	97	0.294957
1	98	0.238029
2	2	1
2	3	0.225722
2	4	0.104038
2	5	0.130755
2	6	0.105829
2	7	0.201112
2	8	0.128203
2	9	0.176488
2	10	0.178137
2	11	0.261701
2	12	0.142492
2	13	0.089763
2	14	0.452794
2	15	0.093986
2	16	0.159417
2	17	0.210734
2	18	0.171774
2	19	0.162126
2	20	0.198579
2	21	0.159381
2	22	0.180342
2	23	0.089845
2	24	0.090281
2	25	0.057638
2	26	0.243014
2	27	0.16568
2	28	0.087958
2	29	0.213272
2	30	0.195488
2	31	0.15968
2	32	0.151449
2	33	0.225241
2	34	0.326768
2	35	0.243206
2	36	0.060041
2	37	0.112915
2	38	0.263028
2	39	0.153049
2	40	0.0788
2	41	0.10986
2	42	0.491337
2	43	0.25614
2	44	0.085587
2	45	0.10263
2	46	0.161904
2	47	0.139383
2	48	0.030096
2	49	0.140607
2	50	0.061617
2	51	0.133236
2	52	0.195863
2	53	0.292793
2	54	0.183905
2	55	0.361984
2	56	0.028894
2	57	0.226966
2	58	0.155365
2	59	0.129877
2	60	0.093062
2	61	0.199428
2	62	-0.00926
2	63	0.042251
2	64	0.219839
2	65	0.075548
2	66	0.135393
2	67	0.154787
2	68	-0.009008
2	69	0.372945
2	70	0.295928
2	71	0.124709
2	72	0.129435
2	73	-0.047024
2	74	0.113207
2	75	0.130256
2	76	0.034766
2	77	0.254757
2	78	0.113695
2	79	0.197741
2	80	0.112104
2	81	0.169376
2	82	0.314669
2	83	0.042643
2	84	0.06996
2	85	0.188796
2	86	0.195197
2	87	0.28931
2	88	0.120497
2	89	0.092056
2	90	0.243965
2	91	0.0153
2	92	0.092074
2	93	0.160877
2	94	0.092059
2	95	0.16991
2	96	0.154526
2	97	0.142381
2	98	0.177566
3	3	1
3	4	0.108422
3	5	0.221394
3	6	0.023548
3	7	0.199253
3	8	0.20882
3	9	0.265038
3	10	0.159942
3	11	0.215763
3	12	0.16204
3	13	0.070226
3	14	0.181778
3	15	0.052122
3	16	0.196927
3	17	0.222105
3	18	0.332753
3	19	0.151223
3	20	0.228581
3	21	0.192577
3	22	0.31573
3	23	0.157035
3	24	0.224394
3	25	0.086003
3	26	0.190456
3	27	0.081956
3	28	0.176358
3	29	0.169692
3	30	0.320786
3	31	0.351099
3	32	0.194226
3	33	0.183665
3	34	0.093359
3	35	0.097707
3	36	0.150314
3	37	0.176587
3	38	0.205655
3	39	0.329535
3	40	0.203881
3	41	0.269541
3	42	0.159705
3	43	0.245259
3	44	0.115664
3	45	0.280618
3	46	0.224614
3	47	0.20083
3	48	0.124541
3	49	0.142098
3	50	0.141219
3	51	0.152297
3	52	0.252658
3	53	0.332334
3	54	0.215491
3	55	0.16337
3	56	0.109401
3	57	0.08275
3	58	0.257416
3	59	0.228396
3	60	0.079811
3	61	0.169931
3	62	0.142183
3	63	0.117263
3	64	0.003617
3	65	0.28177
3	66	0.167724
3	67	0.187652
3	68	0.095665
3	69	0.120042
3	70	0.275133
3	71	0.065341
3	72	0.233126
3	73	0.022338
3	74	0.146724
3	75	0.108168
3	76	0.09853
3	77	0.152315
3	78	0.096666
3	79	0.141775
3	80	0.169032
3	81	0.135196
3	82	0.158394
3	83	0.130593
3	84	0.067856
3	85	0.207375
3	86	0.205849
3	87	0.170307
3	88	0.113001
3	89	0.153648
3	90	0.208834
3	91	0.1743
3	92	0.235855
3	93	0.168339
3	94	0.158524
3	95	0.148602
3	96	0.168209
3	97	0.160968
3	98	0.150339
4	4	1
4	5	0.197681
4	6	0.101061
4	7	0.22678
4	8	0.169556
4	9	0.216869
4	10	0.142878
4	11	0.191541
4	12	0.201594
4	13	0.097056
4	14	0.101531
4	15	0.106665
4	16	0.230679
4	17	0.139199
4	18	0.140486
4	19	0.170629
4	20	0.303627
4	21	0.195057
4	22	0.308528
4	23	0.161357
4	24	0.116148
4	25	0.205099
4	26	0.212357
4	27	0.290848
4	28	0.214373
4	29	0.157141
4	30	0.138742
4	31	0.188351
4	32	0.221663
4	33	0.053822
4	34	0.166459
4	35	0.157195
4	36	0.14518
4	37	0.198814
4	38	0.063541
4	39	0.170277
4	40	0.190997
4	41	0.141892
4	42	0.130965
4	43	0.314583
4	44	0.240496
4	45	0.117989
4	46	0.181728
4	47	0.217917
4	48	0.232831
4	49	0.147557
4	50	0.219162
4	51	0.199676
4	52	0.110497
4	53	0.140164
4	54	0.151899
4	55	0.187727
4	56	0.123777
4	57	0.113157
4	58	0.138414
4	59	0.270741
4	60	0.159888
4	61	0.237498
4	62	0.1448
4	63	0.162595
4	64	0.003345
4	65	0.11262
4	66	0.200827
4	67	0.219465
4	68	0.136436
4	69	0.066086
4	70	0.171247
4	71	0.119984
4	72	0.141289
4	73	-0.044501
4	74	0.209777
4	75	0.152361
4	76	0.065048
4	77	0.152814
4	78	0.123347
4	79	0.224514
4	80	0.122143
4	81	0.194972
4	82	0.185028
4	83	0.116753
4	84	0.14337
4	85	0.195214
4	86	0.230482
4	87	0.16654
4	88	0.247995
4	89	0.186047
4	90	0.237979
4	91	0.151025
4	92	0.042476
4	93	0.16824
4	94	0.169976
4	95	0.226086
4	96	0.217134
4	97	0.220596
4	98	0.16995
5	5	1
5	6	0.172636
5	7	0.076894
5	8	0.118814
5	9	0.170637
5	10	0.107004
5	11	0.121481
5	12	0.26273
5	13	0.072906
5	14	0.135491
5	15	-0.048469
5	16	0.152919
5	17	0.039746
5	18	0.216865
5	19	0.236458
5	20	0.268016
5	21	0.332384
5	22	0.31385
5	23	0.181979
5	24	0.027447
5	25	0.192442
5	26	0.179662
5	27	0.13568
5	28	0.086069
5	29	0.278953
5	30	0.250692
5	31	0.377145
5	32	0.214218
5	33	0.06748
5	34	0.055906
5	35	0.076611
5	36	0.087854
5	37	0.181131
5	38	0.157749
5	39	0.364502
5	40	0.171545
5	41	0.198499
5	42	0.148875
5	43	0.284727
5	44	0.244874
5	45	0.221426
5	46	0.159403
5	47	0.121124
5	48	0.268485
5	49	0.156544
5	50	0.302944
5	51	0.04129
5	52	0.224047
5	53	0.286885
5	54	0.116989
5	55	0.17649
5	56	0.05845
5	57	0.096792
5	58	0.184392
5	59	0.142925
5	60	0.094222
5	61	0.10909
5	62	0.226076
5	63	0.110277
5	64	0.017496
5	65	0.289886
5	66	0.14645
5	67	0.175652
5	68	0.205939
5	69	0.055483
5	70	0.245035
5	71	0.057791
5	72	0.083287
5	73	-0.092238
5	74	0.206554
5	75	0.056486
5	76	0.066904
5	77	0.103527
5	78	0.206664
5	79	0.175898
5	80	0.075114
5	81	0.190955
5	82	0.140553
5	83	0.079607
5	84	-0.054783
5	85	0.179905
5	86	0.153211
5	87	0.214728
5	88	-0.013973
5	89	0.248645
5	90	0.218495
5	91	0.176243
5	92	0.283905
5	93	0.117198
5	94	-0.083912
5	95	0.201858
5	96	0.215847
5	97	0.037919
5	98	0.187714
6	6	1
6	7	0.057623
6	8	0.029053
6	9	0.099362
6	10	0.083725
6	11	0.060759
6	12	0.156617
6	13	0.127374
6	14	0.223675
6	15	0.070016
6	16	0.057305
6	17	0.084982
6	18	-0.001022
6	19	0.188059
6	20	0.101984
6	21	0.145825
6	22	0.117842
6	23	0.185067
6	24	0.153531
6	25	0.145417
6	26	0.16498
6	27	0.050033
6	28	0.208524
6	29	0.234393
6	30	0.010306
6	31	0.207656
6	32	0.177796
6	33	-0.01542
6	34	0.168641
6	35	0.135066
6	36	0.059596
6	37	0.037405
6	38	-0.014246
6	39	0.023043
6	40	0.144343
6	41	0.080725
6	42	0.148806
6	43	0.193649
6	44	0.257305
6	45	0.105913
6	46	0.001393
6	47	0.142172
6	48	0.086026
6	49	0.282269
6	50	0.011888
6	51	0.092311
6	52	0.156022
6	53	0.098219
6	54	0.092585
6	55	0.120568
6	56	-0.011947
6	57	0.0174
6	58	0.18618
6	59	0.076574
6	60	0.161269
6	61	0.106605
6	62	0.036091
6	63	0.033261
6	64	0.069621
6	65	0.080103
6	66	0.125892
6	67	0.087405
6	68	-0.012141
6	69	0.243313
6	70	0.15754
6	71	0.219037
6	72	0.05169
6	73	0.012805
6	74	0.208438
6	75	0.175121
6	76	-0.04647
6	77	0.190456
6	78	0.017677
6	79	0.128411
6	80	0.031766
6	81	0.075135
6	82	0.177335
6	83	-0.00732
6	84	0.161411
6	85	0.217309
6	86	0.138246
6	87	0.095759
6	88	-0.034964
6	89	0.135952
6	90	0.104971
6	91	0.012528
6	92	0.094826
6	93	0.173533
6	94	0.044465
6	95	0.137528
6	96	0.133208
6	97	0.022681
6	98	0.004193
7	7	1
7	8	0.150027
7	9	0.274479
7	10	0.118058
7	11	0.213508
7	12	0.085759
7	13	0.159853
7	14	0.210854
7	15	0.15077
7	16	0.229336
7	17	0.18062
7	18	0.045915
7	19	0.147564
7	20	0.210867
7	21	0.042845
7	22	0.238737
7	23	0.171347
7	24	0.324027
7	25	0.180743
7	26	0.254048
7	27	0.413746
7	28	0.202001
7	29	0.253171
7	30	0.044004
7	31	0.141775
7	32	0.274788
7	33	0.112449
7	34	0.165382
7	35	0.292311
7	36	0.10694
7	37	0.133719
7	38	0.25214
7	39	0.160672
7	40	0.234586
7	41	0.147947
7	42	0.133073
7	43	0.217024
7	44	0.288506
7	45	0.129054
7	46	0.279268
7	47	0.228381
7	48	-0.008703
7	49	0.164897
7	50	0.079589
7	51	0.395843
7	52	0.172048
7	53	0.039657
7	54	0.229709
7	55	0.180301
7	56	0.171533
7	57	0.112077
7	58	0.153744
7	59	0.376949
7	60	0.159278
7	61	0.222803
7	62	0.060017
7	63	0.091602
7	64	0.113185
7	65	0.07265
7	66	0.297813
7	67	0.191442
7	68	-0.013818
7	69	0.172789
7	70	0.179425
7	71	0.199925
7	72	0.143139
7	73	0.169665
7	74	0.104559
7	75	0.229351
7	76	0.151701
7	77	0.150996
7	78	0.005879
7	79	0.191782
7	80	0.217919
7	81	0.146226
7	82	0.196714
7	83	0.1661
7	84	0.315082
7	85	0.209412
7	86	0.267309
7	87	0.291649
7	88	0.377843
7	89	0.191291
7	90	0.106329
7	91	0.096524
7	92	0.116709
7	93	0.265023
7	94	0.380204
7	95	0.16856
7	96	0.158127
7	97	0.491175
7	98	0.179507
8	8	1
8	9	0.221525
8	10	0.167947
8	11	0.008576
8	12	0.183009
8	13	0.09786
8	14	-0.008769
8	15	0.119973
8	16	0.284698
8	17	0.229295
8	18	0.138412
8	19	0.096089
8	20	0.276427
8	21	0.17604
8	22	0.297009
8	23	0.094385
8	24	0.153612
8	25	0.058167
8	26	0.159249
8	27	0.146202
8	28	0.19777
8	29	0.171594
8	30	0.224468
8	31	0.06105
8	32	0.151978
8	33	-0.003721
8	34	0.00427
8	35	0.186157
8	36	0.223745
8	37	0.553816
8	38	0.075579
8	39	0.151133
8	40	0.126031
8	41	0.597748
8	42	0.059307
8	43	0.214284
8	44	0.076329
8	45	0.568225
8	46	0.081951
8	47	0.155063
8	48	0.24586
8	49	0.053353
8	50	0.265618
8	51	0.147542
8	52	0.220271
8	53	0.212322
8	54	0.175196
8	55	0.054167
8	56	0.451192
8	57	0.137804
8	58	0.170326
8	59	0.303866
8	60	0.052511
8	61	0.104901
8	62	0.10884
8	63	0.145147
8	64	0.035343
8	65	0.153797
8	66	0.159808
8	67	0.210688
8	68	0.234236
8	69	0.091201
8	70	0.184579
8	71	0.012626
8	72	0.112974
8	73	0.065455
8	74	0.227683
8	75	0.117356
8	76	0.456988
8	77	-0.015728
8	78	0.153572
8	79	0.188065
8	80	0.41414
8	81	0.326021
8	82	0.095577
8	83	0.478595
8	84	0.030772
8	85	0.220568
8	86	0.201538
8	87	0.133049
8	88	0.097321
8	89	0.140796
8	90	0.201639
8	91	0.452598
8	92	0.086916
8	93	0.154182
8	94	0.13464
8	95	0.203698
8	96	0.123017
8	97	0.111357
8	98	0.148662
9	9	1
9	10	0.144656
9	11	0.193993
9	12	0.163904
9	13	0.116561
9	14	0.159535
9	15	0.066214
9	16	0.295617
9	17	0.136212
9	18	0.187049
9	19	0.144677
9	20	0.281403
9	21	0.179366
9	22	0.436331
9	23	0.194904
9	24	0.273839
9	25	0.176534
9	26	0.312948
9	27	0.367342
9	28	0.229089
9	29	0.217165
9	30	0.239487
9	31	0.333319
9	32	0.32867
9	33	0.09269
9	34	0.053312
9	35	0.230078
9	36	0.214932
9	37	0.347942
9	38	0.065823
9	39	0.253335
9	40	0.293662
9	41	0.302145
9	42	0.079237
9	43	0.347138
9	44	0.197063
9	45	0.31561
9	46	0.320809
9	47	0.28611
9	48	0.169586
9	49	0.22489
9	50	0.24563
9	51	0.241403
9	52	0.304787
9	53	0.253485
9	54	0.250824
9	55	0.152646
9	56	0.266616
9	57	0.181012
9	58	0.310103
9	59	0.405597
9	60	0.08456
9	61	0.274466
9	62	0.234944
9	63	0.255898
9	64	0.05445
9	65	0.240836
9	66	0.126519
9	67	0.144976
9	68	0.265045
9	69	0.066285
9	70	0.221149
9	71	0.213775
9	72	0.287813
9	73	-0.0176
9	74	0.217686
9	75	0.298372
9	76	0.201794
9	77	0.069162
9	78	0.144826
9	79	0.249342
9	80	0.290018
9	81	0.230519
9	82	0.152499
9	83	0.265986
9	84	0.19106
9	85	0.237089
9	86	0.274859
9	87	0.515599
9	88	0.289913
9	89	0.166812
9	90	0.27862
9	91	0.285613
9	92	0.180332
9	93	0.310394
9	94	0.323215
9	95	0.243857
9	96	0.234786
9	97	0.341149
9	98	0.269545
10	10	1
10	11	0.204278
10	12	0.151712
10	13	0.041718
10	14	0.123595
10	15	0.076779
10	16	0.198758
10	17	0.21963
10	18	0.044418
10	19	0.142263
10	20	0.252251
10	21	0.114784
10	22	0.224276
10	23	0.109144
10	24	0.136223
10	25	0.038497
10	26	0.185876
10	27	0.077536
10	28	0.063934
10	29	0.207248
10	30	0.113101
10	31	0.141499
10	32	0.206306
10	33	0.032958
10	34	0.12517
10	35	0.179451
10	36	0.221037
10	37	0.224481
10	38	0.094232
10	39	0.196446
10	40	0.155034
10	41	0.130734
10	42	0.196605
10	43	0.226109
10	44	0.113892
10	45	0.199333
10	46	0.185811
10	47	0.243581
10	48	0.180623
10	49	0.198203
10	50	0.172802
10	51	0.02598
10	52	0.203436
10	53	0.181576
10	54	0.189811
10	55	0.06575
10	56	0.126677
10	57	0.068983
10	58	0.103978
10	59	0.164479
10	60	0.120782
10	61	0.061443
10	62	-0.000503
10	63	0.124246
10	64	-0.007752
10	65	0.150392
10	66	0.181985
10	67	0.129847
10	68	0.054658
10	69	0.129793
10	70	0.15287
10	71	0.060418
10	72	0.037056
10	73	0.005383
10	74	0.07416
10	75	0.152621
10	76	0.109327
10	77	0.281857
10	78	0.083352
10	79	0.213416
10	80	0.214653
10	81	0.225868
10	82	0.184719
10	83	0.140862
10	84	0.055726
10	85	0.222403
10	86	0.203515
10	87	0.196479
10	88	0.015483
10	89	0.188096
10	90	0.205496
10	91	0.176613
10	92	0.079666
10	93	0.147098
10	94	0.066837
10	95	0.215311
10	96	0.07983
10	97	0.083018
10	98	0.059454
11	11	1
11	12	0.145761
11	13	0.126726
11	14	0.235657
11	15	0.150616
11	16	0.185337
11	17	0.086749
11	18	0.046947
11	19	0.159234
11	20	0.208072
11	21	0.075094
11	22	0.199414
11	23	0.093787
11	24	0.136583
11	25	0.05066
11	26	0.326391
11	27	0.212752
11	28	0.118734
11	29	0.304338
11	30	0.105071
11	31	0.216353
11	32	0.268306
11	33	0.087953
11	34	0.137693
11	35	0.152269
11	36	0.123081
11	37	0.069439
11	38	0.170662
11	39	0.235409
11	40	0.180279
11	41	0.158722
11	42	0.130505
11	43	0.338656
11	44	0.138175
11	45	0.094862
11	46	0.1862
11	47	0.233141
11	48	0.064519
11	49	0.229397
11	50	0.085981
11	51	0.152471
11	52	0.195594
11	53	0.122418
11	54	0.146631
11	55	0.239413
11	56	0.042278
11	57	0.227343
11	58	0.134185
11	59	0.213615
11	60	0.188506
11	61	0.152316
11	62	0.024072
11	63	0.11116
11	64	0.126766
11	65	0.081602
11	66	0.138555
11	67	0.119581
11	68	0.066201
11	69	0.197118
11	70	0.145669
11	71	0.05147
11	72	0.137323
11	73	0.036446
11	74	0.112665
11	75	0.18936
11	76	0.006829
11	77	0.244831
11	78	0.122941
11	79	0.133715
11	80	0.152936
11	81	0.124592
11	82	0.210359
11	83	0.116936
11	84	0.08068
11	85	0.21223
11	86	0.134214
11	87	0.265914
11	88	0.196181
11	89	0.087811
11	90	0.226762
11	91	0.103929
11	92	0.007966
11	93	0.105762
11	94	0.211403
11	95	0.15251
11	96	0.05864
11	97	0.200485
11	98	0.200047
12	12	1
12	13	0.147365
12	14	0.19556
12	15	0.038681
12	16	0.22206
12	17	0.110605
12	18	0.176581
12	19	0.175941
12	20	0.271362
12	21	0.117702
12	22	0.315198
12	23	0.215385
12	24	0.124774
12	25	0.122304
12	26	0.197807
12	27	0.147565
12	28	0.068453
12	29	0.128109
12	30	0.288576
12	31	0.177086
12	32	0.325867
12	33	0.010029
12	34	0.083774
12	35	0.084341
12	36	0.103228
12	37	0.251067
12	38	0.072804
12	39	0.162127
12	40	0.214051
12	41	0.243628
12	42	0.23206
12	43	0.293519
12	44	0.186592
12	45	0.216671
12	46	0.234163
12	47	0.200028
12	48	0.177763
12	49	0.151298
12	50	0.273782
12	51	0.049383
12	52	0.226111
12	53	0.248759
12	54	0.224686
12	55	0.196898
12	56	0.20667
12	57	0.194555
12	58	0.208144
12	59	0.291087
12	60	0.116203
12	61	0.150212
12	62	0.170107
12	63	0.158509
12	64	-0.009058
12	65	0.140196
12	66	0.214325
12	67	0.114374
12	68	0.199818
12	69	0.148972
12	70	0.152801
12	71	-0.017678
12	72	0.280074
12	73	-0.026719
12	74	0.10308
12	75	0.099033
12	76	0.220979
12	77	0.104368
12	78	0.133249
12	79	0.290332
12	80	0.143221
12	81	0.235053
12	82	0.180842
12	83	0.19544
12	84	-0.037622
12	85	0.171726
12	86	0.313162
12	87	0.187508
12	88	0.041599
12	89	0.233877
12	90	0.244847
12	91	0.196847
12	92	0.161706
12	93	0.150718
12	94	-0.008435
12	95	0.279383
12	96	0.250863
12	97	0.055626
12	98	0.126812
13	13	1
13	14	0.054288
13	15	0.083842
13	16	0.162959
13	17	0.119623
13	18	0.04368
13	19	0.170288
13	20	0.235031
13	21	0.150742
13	22	0.224729
13	23	0.063268
13	24	0.120958
13	25	0.107069
13	26	0.049159
13	27	0.079912
13	28	0.059805
13	29	0.087204
13	30	0.143392
13	31	0.123092
13	32	0.240346
13	33	0.02203
13	34	0.11023
13	35	0.097245
13	36	0.145381
13	37	0.093623
13	38	0.081754
13	39	0.140669
13	40	0.172808
13	41	0.220382
13	42	0.053244
13	43	0.173449
13	44	0.085655
13	45	0.087895
13	46	0.040297
13	47	0.147964
13	48	0.246592
13	49	0.087537
13	50	0.20498
13	51	0.030864
13	52	0.035691
13	53	0.036058
13	54	0.092621
13	55	0.044764
13	56	0.019402
13	57	0.080757
13	58	0.110314
13	59	0.134998
13	60	0.065619
13	61	0.138278
13	62	0.180994
13	63	0.231709
13	64	0.089518
13	65	0.086442
13	66	0.107594
13	67	0.077406
13	68	0.223723
13	69	0.029679
13	70	0.124432
13	71	0.099641
13	72	0.168004
13	73	-0.015096
13	74	0.261979
13	75	0.100361
13	76	0.01669
13	77	0.048992
13	78	0.067539
13	79	0.166143
13	80	0.150846
13	81	0.115274
13	82	0.167132
13	83	0.094157
13	84	0.097821
13	85	0.232652
13	86	0.07431
13	87	0.068891
13	88	0.141196
13	89	0.146346
13	90	0.184255
13	91	0.14575
13	92	0.114023
13	93	0.140194
13	94	0.068043
13	95	0.075732
13	96	0.148349
13	97	0.085795
13	98	0.031929
14	14	1
14	15	0.07334
14	16	0.118093
14	17	0.108757
14	18	0.144195
14	19	0.30322
14	20	0.148731
14	21	0.077311
14	22	0.191234
14	23	0.075005
14	24	0.208378
14	25	0.110453
14	26	0.397148
14	27	0.177064
14	28	0.11797
14	29	0.342641
14	30	0.075138
14	31	0.090271
14	32	0.150929
14	33	0.134517
14	34	0.371643
14	35	0.306592
14	36	0.106863
14	37	-0.013127
14	38	0.236343
14	39	0.083294
14	40	0.217028
14	41	-0.013797
14	42	0.590396
14	43	0.312839
14	44	0.251267
14	45	0.026849
14	46	0.234521
14	47	0.108433
14	48	-0.064645
14	49	0.125651
14	50	0.014819
14	51	0.179856
14	52	0.102918
14	53	0.092857
14	54	0.160935
14	55	0.481159
14	56	0.007712
14	57	0.275049
14	58	0.138195
14	59	0.101534
14	60	0.204358
14	61	0.205977
14	62	-0.046431
14	63	0.01075
14	64	0.17638
14	65	0.002583
14	66	0.172334
14	67	0.174853
14	68	-0.075787
14	69	0.605204
14	70	0.217457
14	71	0.10703
14	72	0.116994
14	73	-0.034947
14	74	0.159326
14	75	0.206034
14	76	0.010306
14	77	0.325467
14	78	0.06469
14	79	0.139015
14	80	0.087853
14	81	0.169829
14	82	0.43416
14	83	0.033598
14	84	0.058691
14	85	0.191299
14	86	0.176685
14	87	0.252661
14	88	0.095128
14	89	0.177514
14	90	0.113869
14	91	0.05301
14	92	0.058462
14	93	0.191538
14	94	0.145872
14	95	0.165944
14	96	0.126935
14	97	0.178259
14	98	0.143272
15	15	1
15	16	0.108638
15	17	0.054508
15	18	-0.052256
15	19	0.081169
15	20	0.05881
15	21	0.051662
15	22	0.038576
15	23	0.023195
15	24	0.115308
15	25	0.261545
15	26	0.184162
15	27	0.190252
15	28	0.27484
15	29	0.010905
15	30	0.049043
15	31	0.011292
15	32	0.122496
15	33	0.030693
15	34	-0.041879
15	35	0.083166
15	36	0.061654
15	37	0.090688
15	38	-0.009013
15	39	0.021702
15	40	0.11624
15	41	0.086769
15	42	0.102209
15	43	0.111252
15	44	0.254029
15	45	0.057221
15	46	0.053471
15	47	0.155664
15	48	0.045492
15	49	0.033077
15	50	0.065116
15	51	0.180835
15	52	0.093209
15	53	0.078396
15	54	0.20385
15	55	0.109654
15	56	0.083082
15	57	0.02174
15	58	0.105087
15	59	0.131225
15	60	0.177786
15	61	0.137492
15	62	0.001455
15	63	0.010759
15	64	0.174978
15	65	0.077587
15	66	0.200108
15	67	0.039877
15	68	0.008294
15	69	0.047834
15	70	0.12244
15	71	0.173477
15	72	0.011942
15	73	0.005495
15	74	0.077791
15	75	0.149374
15	76	0.076042
15	77	-0.032779
15	78	0.03336
15	79	0.127151
15	80	0.233888
15	81	0.003074
15	82	0.030185
15	83	0.142178
15	84	0.098927
15	85	0.141505
15	86	0.089017
15	87	0.130259
15	88	0.226384
15	89	0.1075
15	90	0.101549
15	91	0.143516
15	92	0.062142
15	93	0.111701
15	94	0.231982
15	95	0.058622
15	96	-0.04194
15	97	0.166666
15	98	0.150308
16	16	1
16	17	0.168145
16	18	0.139678
16	19	0.140327
16	20	0.468848
16	21	0.236656
16	22	0.392364
16	23	0.312317
16	24	0.153872
16	25	0.130029
16	26	0.236665
16	27	0.122578
16	28	0.225472
16	29	0.264878
16	30	0.213749
16	31	0.232163
16	32	0.271102
16	33	0.066443
16	34	0.091217
16	35	0.234248
16	36	0.161716
16	37	0.207711
16	38	0.137447
16	39	0.198705
16	40	0.229837
16	41	0.234855
16	42	0.12992
16	43	0.405936
16	44	0.183267
16	45	0.246869
16	46	0.238609
16	47	0.195373
16	48	0.225446
16	49	0.201852
16	50	0.252376
16	51	0.124394
16	52	0.19526
16	53	0.18182
16	54	0.201801
16	55	0.077712
16	56	0.211917
16	57	0.167314
16	58	0.245741
16	59	0.273472
16	60	0.169987
16	61	0.290029
16	62	0.183687
16	63	0.222366
16	64	0.082755
16	65	0.114568
16	66	0.242561
16	67	0.236502
16	68	0.213297
16	69	0.112402
16	70	0.247246
16	71	0.111753
16	72	0.176609
16	73	0.041277
16	74	0.210053
16	75	0.153378
16	76	0.199695
16	77	0.119686
16	78	0.250611
16	79	0.364266
16	80	0.189752
16	81	0.400132
16	82	0.199921
16	83	0.248295
16	84	0.058586
16	85	0.290492
16	86	0.325452
16	87	0.244182
16	88	0.065756
16	89	0.363245
16	90	0.303527
16	91	0.213711
16	92	0.142398
16	93	0.152961
16	94	0.107232
16	95	0.30374
16	96	0.215142
16	97	0.194492
16	98	0.139105
17	17	1
17	18	0.150094
17	19	0.077685
17	20	0.23426
17	21	0.158261
17	22	0.259062
17	23	0.085217
17	24	0.17347
17	25	0.122004
17	26	0.201434
17	27	0.076897
17	28	0.216302
17	29	0.179347
17	30	0.240703
17	31	0.156889
17	32	0.15734
17	33	0.100949
17	34	0.094829
17	35	0.187882
17	36	0.216674
17	37	0.12134
17	38	0.16088
17	39	0.179423
17	40	0.175914
17	41	0.216613
17	42	0.05382
17	43	0.170391
17	44	0.151979
17	45	0.250961
17	46	0.165086
17	47	0.209538
17	48	0.181126
17	49	0.179388
17	50	0.168078
17	51	0.193798
17	52	0.081377
17	53	0.2174
17	54	0.18707
17	55	0.006245
17	56	0.134703
17	57	0.062729
17	58	0.165844
17	59	0.189267
17	60	0.014956
17	61	0.070956
17	62	0.102804
17	63	0.174687
17	64	-0.020249
17	65	0.102942
17	66	0.143405
17	67	0.181284
17	68	0.12943
17	69	0.101594
17	70	0.154142
17	71	0.024881
17	72	0.087101
17	73	0.085675
17	74	0.142614
17	75	0.068174
17	76	0.141052
17	77	0.098425
17	78	0.167757
17	79	0.147815
17	80	0.04765
17	81	0.13507
17	82	0.118705
17	83	0.141127
17	84	0.170982
17	85	0.20193
17	86	0.185034
17	87	0.044086
17	88	0.183776
17	89	0.068548
17	90	0.256506
17	91	0.107636
17	92	0.142004
17	93	0.096199
17	94	0.121745
17	95	0.1367
17	96	0.057498
17	97	0.221725
17	98	0.115704
18	18	1
18	19	0.082762
18	20	0.228381
18	21	0.279867
18	22	0.31788
18	23	0.317943
18	24	0.103627
18	25	0.113506
18	26	0.062174
18	27	0.018159
18	28	0.076161
18	29	0.184516
18	30	0.626276
18	31	0.322008
18	32	0.116089
18	33	0.214336
18	34	0.109904
18	35	0.068413
18	36	-0.02793
18	37	0.094406
18	38	0.220806
18	39	0.439286
18	40	0.139951
18	41	0.184353
18	42	0.1229
18	43	0.283171
18	44	0.056275
18	45	0.136718
18	46	0.113636
18	47	0.097765
18	48	0.127562
18	49	0.251968
18	50	0.162326
18	51	0.055032
18	52	0.246213
18	53	0.609295
18	54	0.123414
18	55	0.128905
18	56	0.112013
18	57	0.074424
18	58	0.468853
18	59	0.170204
18	60	0.017589
18	61	0.130258
18	62	0.168285
18	63	0.151005
18	64	0.073216
18	65	0.31256
18	66	0.106852
18	67	0.181655
18	68	0.172363
18	69	0.070733
18	70	0.261558
18	71	0.061388
18	72	0.152096
18	73	-0.064345
18	74	0.125366
18	75	-0.025972
18	76	0.06448
18	77	0.016274
18	78	0.066666
18	79	0.26784
18	80	0.091738
18	81	0.314807
18	82	0.181987
18	83	0.099472
18	84	-0.022833
18	85	0.219678
18	86	0.208586
18	87	0.14937
18	88	0.045373
18	89	0.200149
18	90	0.25583
18	91	0.126224
18	92	0.33998
18	93	0.09318
18	94	0.014887
18	95	0.177306
18	96	0.261618
18	97	0.047879
18	98	0.050502
19	19	1
19	20	0.210833
19	21	0.168319
19	22	0.246777
19	23	0.095539
19	24	0.183783
19	25	0.042593
19	26	0.262602
19	27	0.183505
19	28	0.026075
19	29	0.126137
19	30	0.078922
19	31	0.160319
19	32	0.229043
19	33	0.128024
19	34	0.236021
19	35	0.234154
19	36	0.074096
19	37	0.121521
19	38	0.122671
19	39	0.169053
19	40	0.167953
19	41	0.114273
19	42	0.271445
19	43	0.199979
19	44	0.204507
19	45	0.071689
19	46	0.036725
19	47	0.108366
19	48	0.024656
19	49	0.100259
19	50	0.11598
19	51	0.125731
19	52	0.144459
19	53	0.097576
19	54	0.11478
19	55	0.240029
19	56	-0.006245
19	57	0.251695
19	58	0.069051
19	59	0.12844
19	60	0.153129
19	61	0.224555
19	62	0.040707
19	63	0.06955
19	64	0.076618
19	65	0.1253
19	66	0.096974
19	67	0.171903
19	68	0.045468
19	69	0.302261
19	70	0.169227
19	71	0.087627
19	72	0.133056
19	73	0.007768
19	74	0.095246
19	75	0.171872
19	76	0.008628
19	77	0.133556
19	78	0.148011
19	79	0.102644
19	80	0.104345
19	81	0.061309
19	82	0.294723
19	83	0.006158
19	84	0.112328
19	85	0.182381
19	86	0.186683
19	87	0.150175
19	88	0.076885
19	89	0.099313
19	90	0.060574
19	91	0.129243
19	92	0.143899
19	93	0.21681
19	94	0.111357
19	95	0.145468
19	96	0.170637
19	97	0.109489
19	98	0.186517
20	20	1
20	21	0.287101
20	22	0.489429
20	23	0.327099
20	24	0.145933
20	25	0.185819
20	26	0.29619
20	27	0.189903
20	28	0.202558
20	29	0.226384
20	30	0.339423
20	31	0.365464
20	32	0.257788
20	33	0.051215
20	34	0.067008
20	35	0.257536
20	36	0.150272
20	37	0.293265
20	38	0.124808
20	39	0.305814
20	40	0.270938
20	41	0.359248
20	42	0.160155
20	43	0.485415
20	44	0.333636
20	45	0.273613
20	46	0.235165
20	47	0.297051
20	48	0.375341
20	49	0.233204
20	50	0.398177
20	51	0.082387
20	52	0.245196
20	53	0.316495
20	54	0.161037
20	55	0.075552
20	56	0.091278
20	57	0.205601
20	58	0.183157
20	59	0.327331
20	60	0.190492
20	61	0.268138
20	62	0.310042
20	63	0.305418
20	64	0.113861
20	65	0.281717
20	66	0.287509
20	67	0.288732
20	68	0.359938
20	69	0.139216
20	70	0.283215
20	71	0.067332
20	72	0.272244
20	73	-0.088107
20	74	0.308011
20	75	0.171725
20	76	0.111871
20	77	0.039505
20	78	0.254921
20	79	0.434534
20	80	0.175023
20	81	0.456601
20	82	0.245967
20	83	0.130407
20	84	0.09855
20	85	0.37033
20	86	0.3298
20	87	0.251491
20	88	0.142937
20	89	0.362861
20	90	0.293282
20	91	0.224372
20	92	0.231816
20	93	0.128432
20	94	0.030862
20	95	0.364693
20	96	0.348824
20	97	0.188872
20	98	0.225337
21	21	1
21	22	0.322268
21	23	0.181538
21	24	0.1146
21	25	0.143505
21	26	0.090635
21	27	-0.012084
21	28	0.136246
21	29	0.188986
21	30	0.327404
21	31	0.289984
21	32	0.164848
21	33	0.051924
21	34	0.135493
21	35	0.050712
21	36	0.055849
21	37	0.210147
21	38	0.030023
21	39	0.527746
21	40	0.160441
21	41	0.320015
21	42	0.087538
21	43	0.298838
21	44	0.102167
21	45	0.280404
21	46	0.081647
21	47	0.104896
21	48	0.243529
21	49	0.130725
21	50	0.270202
21	51	0.06176
21	52	0.252875
21	53	0.324907
21	54	0.10527
21	55	0.149804
21	56	0.03902
21	57	0.068191
21	58	0.189007
21	59	0.133008
21	60	0.080487
21	61	0.140731
21	62	0.323794
21	63	0.226587
21	64	-0.033474
21	65	0.307228
21	66	0.195915
21	67	0.198997
21	68	0.24485
21	69	0.056537
21	70	0.322401
21	71	0.054385
21	72	0.087482
21	73	-0.012187
21	74	0.333881
21	75	0.077854
21	76	0.06199
21	77	0.153895
21	78	0.200983
21	79	0.22384
21	80	0.108448
21	81	0.257979
21	82	0.178395
21	83	0.056889
21	84	-0.060722
21	85	0.221248
21	86	0.150105
21	87	0.048501
21	88	-0.029601
21	89	0.194388
21	90	0.272305
21	91	0.139549
21	92	0.25936
21	93	0.093066
21	94	-0.104983
21	95	0.165303
21	96	0.149637
21	97	-0.023299
21	98	0.121029
22	22	1
22	23	0.313168
22	24	0.293858
22	25	0.197564
22	26	0.302133
22	27	0.269938
22	28	0.237217
22	29	0.284853
22	30	0.413148
22	31	0.407861
22	32	0.435676
22	33	0.177763
22	34	0.107178
22	35	0.267649
22	36	0.199202
22	37	0.273385
22	38	0.171219
22	39	0.444287
22	40	0.342937
22	41	0.423183
22	42	0.090544
22	43	0.478108
22	44	0.278529
22	45	0.356482
22	46	0.323925
22	47	0.418228
22	48	0.336094
22	49	0.258692
22	50	0.432371
22	51	0.265443
22	52	0.304882
22	53	0.291649
22	54	0.344744
22	55	0.154507
22	56	0.170111
22	57	0.224535
22	58	0.365332
22	59	0.487241
22	60	0.161206
22	61	0.293906
22	62	0.306965
22	63	0.289629
22	64	0.046509
22	65	0.319134
22	66	0.248718
22	67	0.281068
22	68	0.344343
22	69	0.131422
22	70	0.295413
22	71	0.082003
22	72	0.289161
22	73	-0.032682
22	74	0.275805
22	75	0.266788
22	76	0.106845
22	77	0.07083
22	78	0.171966
22	79	0.442637
22	80	0.238219
22	81	0.391399
22	82	0.305657
22	83	0.20647
22	84	0.087618
22	85	0.368431
22	86	0.371101
22	87	0.380353
22	88	0.184604
22	89	0.309741
22	90	0.392953
22	91	0.296837
22	92	0.356167
22	93	0.249226
22	94	0.167788
22	95	0.436864
22	96	0.333595
22	97	0.289663
22	98	0.220318
23	23	1
23	24	0.10131
23	25	0.121639
23	26	0.222816
23	27	0.094765
23	28	0.094636
23	29	0.225759
23	30	0.271769
23	31	0.204265
23	32	0.22783
23	33	0.154585
23	34	0.072679
23	35	0.178948
23	36	0.014958
23	37	0.09691
23	38	0.176859
23	39	0.227749
23	40	0.207832
23	41	0.175115
23	42	0.055283
23	43	0.363245
23	44	0.248545
23	45	0.153257
23	46	0.125049
23	47	0.155915
23	48	0.22168
23	49	0.26206
23	50	0.194731
23	51	0.071507
23	52	0.279662
23	53	0.237566
23	54	0.226535
23	55	0.12237
23	56	0.101345
23	57	0.095964
23	58	0.299815
23	59	0.198106
23	60	0.104634
23	61	0.24495
23	62	0.210578
23	63	0.247771
23	64	0.078262
23	65	0.256221
23	66	0.12931
23	67	0.214297
23	68	0.207293
23	69	0.07589
23	70	0.140755
23	71	0.064094
23	72	0.194679
23	73	-0.084461
23	74	0.119169
23	75	0.009033
23	76	0.028282
23	77	0.030235
23	78	0.059643
23	79	0.360127
23	80	0.201638
23	81	0.328982
23	82	0.204578
23	83	0.138649
23	84	0.030049
23	85	0.35099
23	86	0.277607
23	87	0.198689
23	88	0.082371
23	89	0.369206
23	90	0.223387
23	91	0.048793
23	92	0.153142
23	93	0.149793
23	94	0.0583
23	95	0.321781
23	96	0.221845
23	97	0.154998
23	98	0.039639
24	24	1
24	25	0.062052
24	26	0.204162
24	27	0.2729
24	28	0.185103
24	29	0.075445
24	30	0.062408
24	31	0.071672
24	32	0.20042
24	33	0.079337
24	34	0.175188
24	35	0.248149
24	36	0.11754
24	37	0.15097
24	38	0.093057
24	39	0.065393
24	40	0.27666
24	41	0.134644
24	42	0.174183
24	43	0.280671
24	44	0.175654
24	45	0.145138
24	46	0.313502
24	47	0.228987
24	48	0.030733
24	49	0.164353
24	50	0.090715
24	51	0.27519
24	52	0.110157
24	53	0.049988
24	54	0.121723
24	55	0.193942
24	56	0.073077
24	57	0.13456
24	58	0.085077
24	59	0.233605
24	60	0.164524
24	61	0.153137
24	62	0.169294
24	63	0.052935
24	64	0.082209
24	65	0.001952
24	66	0.25509
24	67	0.134415
24	68	0.069658
24	69	0.131753
24	70	0.16185
24	71	0.144157
24	72	0.127545
24	73	0.060109
24	74	0.189481
24	75	0.663807
24	76	0.024777
24	77	0.106331
24	78	0.124481
24	79	0.25152
24	80	0.1923
24	81	0.134205
24	82	0.192958
24	83	0.107786
24	84	0.326766
24	85	0.252709
24	86	0.277027
24	87	0.238669
24	88	0.221989
24	89	0.170608
24	90	0.083245
24	91	0.180676
24	92	0.017379
24	93	0.542065
24	94	0.265763
24	95	0.142334
24	96	0.141422
24	97	0.250513
24	98	0.181934
25	25	1
25	26	0.132654
25	27	0.151683
25	28	0.432197
25	29	0.111366
25	30	0.164997
25	31	0.203536
25	32	0.207776
25	33	0.166786
25	34	0.096928
25	35	0.208992
25	36	0.053517
25	37	0.018889
25	38	0.108534
25	39	0.16658
25	40	0.084466
25	41	0.080459
25	42	0.111889
25	43	0.232083
25	44	0.440226
25	45	0.10487
25	46	0.130872
25	47	0.177049
25	48	0.15166
25	49	0.202358
25	50	0.11194
25	51	0.081447
25	52	0.155573
25	53	0.160305
25	54	0.220396
25	55	0.109266
25	56	0.03281
25	57	0.060106
25	58	0.181595
25	59	0.128208
25	60	0.175448
25	61	0.177368
25	62	0.120475
25	63	0.148137
25	64	0.077547
25	65	0.129278
25	66	0.254733
25	67	0.13165
25	68	0.099713
25	69	0.140448
25	70	0.131284
25	71	0.218457
25	72	0.065156
25	73	0.10626
25	74	0.22895
25	75	0.130728
25	76	0.013705
25	77	0.026768
25	78	0.032254
25	79	0.190087
25	80	0.047699
25	81	0.164211
25	82	0.07036
25	83	0.066006
25	84	0.146249
25	85	0.169742
25	86	0.114898
25	87	0.075996
25	88	0.176319
25	89	0.215944
25	90	0.130797
25	91	0.073739
25	92	0.075436
25	93	0.121186
25	94	0.085543
25	95	0.182879
25	96	0.096018
25	97	0.11478
25	98	0.083752
26	26	1
26	27	0.296183
26	28	0.183403
26	29	0.347606
26	30	0.151907
26	31	0.236341
26	32	0.271281
26	33	0.141044
26	34	0.283641
26	35	0.334841
26	36	0.240463
26	37	0.130545
26	38	0.254317
26	39	0.240953
26	40	0.302038
26	41	0.189156
26	42	0.275847
26	43	0.298262
26	44	0.283313
26	45	0.170815
26	46	0.197872
26	47	0.235071
26	48	0.165159
26	49	0.199445
26	50	0.255233
26	51	0.146012
26	52	0.18054
26	53	0.180866
26	54	0.225706
26	55	0.287497
26	56	0.203663
26	57	0.256194
26	58	0.135746
26	59	0.26868
26	60	0.192546
26	61	0.192745
26	62	0.097921
26	63	0.037784
26	64	0.139807
26	65	0.135349
26	66	0.167035
26	67	0.244958
26	68	0.130858
26	69	0.305422
26	70	0.229975
26	71	0.058235
26	72	0.235334
26	73	0.072611
26	74	0.221218
26	75	0.261359
26	76	0.21603
26	77	0.227027
26	78	0.210205
26	79	0.240277
26	80	0.188671
26	81	0.178372
26	82	0.26524
26	83	0.23787
26	84	0.103868
26	85	0.175574
26	86	0.22886
26	87	0.296291
26	88	0.244863
26	89	0.143106
26	90	0.237331
26	91	0.179253
26	92	0.072796
26	93	0.140966
26	94	0.270839
26	95	0.194644
26	96	0.177372
26	97	0.270113
26	98	0.21207
27	27	1
27	28	0.13555
27	29	0.166804
27	30	0.108897
27	31	0.136232
27	32	0.275263
27	33	0.155258
27	34	0.099058
27	35	0.194463
27	36	0.155503
27	37	0.196843
27	38	0.011983
27	39	0.061446
27	40	0.263817
27	41	0.105781
27	42	0.216272
27	43	0.276228
27	44	0.236474
27	45	0.092433
27	46	0.284944
27	47	0.206006
27	48	0.022554
27	49	0.135983
27	50	0.067018
27	51	0.3173
27	52	0.107346
27	53	0.021064
27	54	0.253626
27	55	0.223083
27	56	0.179296
27	57	0.094191
27	58	0.080219
27	59	0.312005
27	60	0.184801
27	61	0.17046
27	62	0.121044
27	63	0.220015
27	64	0.139169
27	65	0.115936
27	66	0.19912
27	67	0.162164
27	68	0.088828
27	69	0.11982
27	70	0.166241
27	71	0.122595
27	72	0.130042
27	73	0.016893
27	74	0.085856
27	75	0.285932
27	76	0.158111
27	77	0.127993
27	78	0.067276
27	79	0.191547
27	80	0.291248
27	81	0.132736
27	82	0.183842
27	83	0.124588
27	84	0.283416
27	85	0.133001
27	86	0.295735
27	87	0.429091
27	88	0.584086
27	89	0.237562
27	90	0.12513
27	91	0.211479
27	92	0.053923
27	93	0.274883
27	94	0.51492
27	95	0.238795
27	96	0.187889
27	97	0.63319
27	98	0.215228
28	28	1
28	29	0.162644
28	30	0.175727
28	31	0.179156
28	32	0.222591
28	33	0.168313
28	34	0.068753
28	35	0.182843
28	36	0.197538
28	37	0.076054
28	38	0.084697
28	39	0.194833
28	40	0.154046
28	41	0.175227
28	42	0.094472
28	43	0.248044
28	44	0.399668
28	45	0.147003
28	46	0.108176
28	47	0.170046
28	48	0.092501
28	49	0.195119
28	50	0.120777
28	51	0.132521
28	52	0.197996
28	53	0.194101
28	54	0.213172
28	55	0.113174
28	56	0.041077
28	57	-0.003605
28	58	0.133004
28	59	0.16507
28	60	0.157474
28	61	0.162386
28	62	0.092145
28	63	0.120164
28	64	0.016442
28	65	0.063995
28	66	0.333216
28	67	0.228063
28	68	0.074071
28	69	0.122433
28	70	0.177103
28	71	0.278676
28	72	0.127097
28	73	0.000766
28	74	0.16542
28	75	0.13636
28	76	0.077372
28	77	0.04917
28	78	-0.013729
28	79	0.241023
28	80	0.049909
28	81	0.082268
28	82	0.159175
28	83	0.09795
28	84	0.135663
28	85	0.16096
28	86	0.178762
28	87	0.12501
28	88	0.226502
28	89	0.15255
28	90	0.130979
28	91	0.140126
28	92	0.183191
28	93	0.091532
28	94	0.165404
28	95	0.120672
28	96	0.145178
28	97	0.144733
28	98	0.087066
29	29	1
29	30	0.227018
29	31	0.218317
29	32	0.197032
29	33	0.15616
29	34	0.217268
29	35	0.129654
29	36	0.214798
29	37	0.180084
29	38	0.19857
29	39	0.260589
29	40	0.196612
29	41	0.189216
29	42	0.19111
29	43	0.33201
29	44	0.238901
29	45	0.221176
29	46	0.194493
29	47	0.115878
29	48	0.135601
29	49	0.230804
29	50	0.154757
29	51	0.052264
29	52	0.214732
29	53	0.239436
29	54	0.239743
29	55	0.280418
29	56	0.079463
29	57	0.195676
29	58	0.240092
29	59	0.166997
29	60	0.137855
29	61	0.152527
29	62	0.066349
29	63	0.15705
29	64	0.164015
29	65	0.136671
29	66	0.143414
29	67	0.163325
29	68	0.082794
29	69	0.227222
29	70	0.147351
29	71	0.098345
29	72	0.085989
29	73	0.00601
29	74	0.183317
29	75	0.055293
29	76	0.144092
29	77	0.321221
29	78	0.136321
29	79	0.191324
29	80	0.150805
29	81	0.257768
29	82	0.290335
29	83	0.078858
29	84	0.01435
29	85	0.218581
29	86	0.165349
29	87	0.2511
29	88	0.058093
29	89	0.229732
29	90	0.276453
29	91	0.178058
29	92	0.117575
29	93	0.134139
29	94	0.14237
29	95	0.202666
29	96	0.181376
29	97	0.170262
29	98	0.115182
30	30	1
30	31	0.35334
30	32	0.243674
30	33	0.218002
30	34	0.043101
30	35	0.158207
30	36	0.081022
30	37	0.213405
30	38	0.173157
30	39	0.430251
30	40	0.248572
30	41	0.288565
30	42	0.122993
30	43	0.351914
30	44	0.173895
30	45	0.243783
30	46	0.154827
30	47	0.25193
30	48	0.221343
30	49	0.209725
30	50	0.260182
30	51	0.064
30	52	0.258011
30	53	0.574701
30	54	0.23843
30	55	0.145312
30	56	0.151642
30	57	0.072994
30	58	0.414282
30	59	0.320055
30	60	0.038984
30	61	0.219338
30	62	0.219346
30	63	0.214058
30	64	0.077058
30	65	0.333154
30	66	0.181258
30	67	0.187285
30	68	0.297386
30	69	0.124624
30	70	0.279128
30	71	0.109519
30	72	0.13675
30	73	-0.084632
30	74	0.126751
30	75	-0.019923
30	76	0.114373
30	77	0.029961
30	78	0.147031
30	79	0.315954
30	80	0.174325
30	81	0.284583
30	82	0.134886
30	83	0.158055
30	84	-0.058731
30	85	0.254138
30	86	0.270614
30	87	0.184726
30	88	0.076926
30	89	0.251325
30	90	0.3104
30	91	0.198912
30	92	0.317895
30	93	0.1024
30	94	0.061517
30	95	0.204125
30	96	0.305452
30	97	0.130605
30	98	0.203481
31	31	1
31	32	0.26238
31	33	0.172733
31	34	0.040747
31	35	0.140438
31	36	0.158353
31	37	0.159151
31	38	0.164208
31	39	0.436146
31	40	0.194199
31	41	0.235172
31	42	0.051171
31	43	0.345151
31	44	0.276389
31	45	0.271924
31	46	0.192471
31	47	0.197974
31	48	0.213246
31	49	0.207278
31	50	0.241677
31	51	0.069553
31	52	0.358345
31	53	0.383156
31	54	0.143538
31	55	-0.004944
31	56	0.077621
31	57	0.070804
31	58	0.33605
31	59	0.231476
31	60	0.10966
31	61	0.203958
31	62	0.22411
31	63	0.209052
31	64	-0.060415
31	65	0.369919
31	66	0.155032
31	67	0.192087
31	68	0.202528
31	69	0.065708
31	70	0.315348
31	71	0.0805
31	72	0.193206
31	73	0.020027
31	74	0.075822
31	75	0.038806
31	76	0.092414
31	77	0.061617
31	78	0.102746
31	79	0.256424
31	80	0.06753
31	81	0.22164
31	82	0.13324
31	83	0.131942
31	84	-0.003366
31	85	0.194558
31	86	0.182923
31	87	0.170687
31	88	0.023037
31	89	0.212558
31	90	0.354311
31	91	0.100174
31	92	0.410184
31	93	0.040431
31	94	0.015548
31	95	0.280788
31	96	0.194589
31	97	0.101909
31	98	0.083394
32	32	1
32	33	0.098104
32	34	0.01952
32	35	0.222888
32	36	0.137896
32	37	0.187227
32	38	0.079137
32	39	0.296756
32	40	0.239288
32	41	0.231976
32	42	0.117463
32	43	0.351231
32	44	0.218037
32	45	0.16281
32	46	0.241208
32	47	0.338946
32	48	0.172998
32	49	0.264337
32	50	0.199351
32	51	0.234006
32	52	0.290824
32	53	0.220979
32	54	0.370443
32	55	0.185217
32	56	0.13086
32	57	0.208916
32	58	0.17079
32	59	0.398688
32	60	0.18269
32	61	0.25042
32	62	0.169958
32	63	0.177335
32	64	0.072848
32	65	0.235308
32	66	0.165706
32	67	0.223446
32	68	0.155054
32	69	0.155111
32	70	0.162637
32	71	0.144712
32	72	0.217985
32	73	0.096574
32	74	0.098492
32	75	0.194045
32	76	0.145977
32	77	0.153766
32	78	0.072812
32	79	0.319197
32	80	0.248938
32	81	0.228579
32	82	0.21748
32	83	0.168668
32	84	0.147557
32	85	0.315347
32	86	0.276764
32	87	0.214812
32	88	0.200831
32	89	0.27893
32	90	0.271053
32	91	0.219847
32	92	0.269249
32	93	0.151079
32	94	0.193099
32	95	0.269593
32	96	0.222282
32	97	0.242903
32	98	0.220833
33	33	1
33	34	0.210945
33	35	0.178702
33	36	0.078326
33	37	-0.07991
33	38	0.075978
33	39	0.164179
33	40	0.07297
33	41	-0.029472
33	42	0.044203
33	43	0.18961
33	44	0.190773
33	45	0.046109
33	46	-0.01466
33	47	0.094238
33	48	0.049313
33	49	0.203639
33	50	0.097238
33	51	0.124928
33	52	0.148555
33	53	0.200562
33	54	0.152811
33	55	0.061899
33	56	0.037837
33	57	0.085082
33	58	0.212838
33	59	0.092282
33	60	-0.067062
33	61	0.097353
33	62	0.056085
33	63	0.093327
33	64	0.065686
33	65	0.179249
33	66	0.0886
33	67	0.173357
33	68	0.033329
33	69	0.18539
33	70	0.148509
33	71	0.078041
33	72	0.098923
33	73	0.005365
33	74	0.061713
33	75	0.030875
33	76	-0.032965
33	77	0.031906
33	78	0.014898
33	79	-0.009027
33	80	-0.042872
33	81	0.015553
33	82	0.165109
33	83	0.030224
33	84	0.113903
33	85	0.101924
33	86	0.157508
33	87	0.14692
33	88	0.063331
33	89	0.013858
33	90	0.069714
33	91	0.033789
33	92	0.093391
33	93	0.016663
33	94	0.089864
33	95	0.004803
33	96	0.107303
33	97	0.050585
33	98	0.049508
34	34	1
34	35	0.247702
34	36	0.035237
34	37	-0.034411
34	38	0.222184
34	39	0.117154
34	40	0.177886
34	41	0.018336
34	42	0.357198
34	43	0.225842
34	44	0.138156
34	45	-0.02991
34	46	0.081001
34	47	0.137857
34	48	0.049321
34	49	0.173391
34	50	0.068961
34	51	-0.005324
34	52	0.049868
34	53	0.040982
34	54	0.082784
34	55	0.293803
34	56	0.052599
34	57	0.152585
34	58	0.095674
34	59	-0.018503
34	60	0.096279
34	61	0.120283
34	62	0.057238
34	63	0.119198
34	64	0.020522
34	65	0.011453
34	66	0.148646
34	67	0.167183
34	68	0.037549
34	69	0.259693
34	70	0.189755
34	71	0.013449
34	72	0.187383
34	73	0.072704
34	74	0.181269
34	75	0.184798
34	76	0.061547
34	77	0.242207
34	78	0.143396
34	79	0.050756
34	80	0.056849
34	81	0.042297
34	82	0.37061
34	83	0.049985
34	84	0.103245
34	85	0.087977
34	86	0.153313
34	87	0.131119
34	88	0.070913
34	89	0.097817
34	90	0.085169
34	91	0.081692
34	92	0.101218
34	93	0.189646
34	94	0.103808
34	95	0.095056
34	96	0.112406
34	97	0.107107
34	98	0.118981
35	35	1
35	36	0.05253
35	37	0.125373
35	38	0.101762
35	39	0.14221
35	40	0.305534
35	41	0.138089
35	42	0.220252
35	43	0.35087
35	44	0.288146
35	45	0.139756
35	46	0.221184
35	47	0.213335
35	48	0.104149
35	49	0.145653
35	50	0.082647
35	51	0.162496
35	52	0.154994
35	53	0.138399
35	54	0.227717
35	55	0.170148
35	56	0.078689
35	57	0.220835
35	58	0.067239
35	59	0.238788
35	60	0.091147
35	61	0.332236
35	62	0.087625
35	63	0.09055
35	64	0.135186
35	65	0.057977
35	66	0.225854
35	67	0.251173
35	68	0.11564
35	69	0.302972
35	70	0.302214
35	71	0.132758
35	72	0.159337
35	73	0.07203
35	74	0.16185
35	75	0.274088
35	76	0.042647
35	77	0.17993
35	78	0.142737
35	79	0.15622
35	80	0.140555
35	81	0.173716
35	82	0.257731
35	83	0.161785
35	84	0.221711
35	85	0.224473
35	86	0.228987
35	87	0.226367
35	88	0.167013
35	89	0.137772
35	90	0.191285
35	91	0.111587
35	92	0.088322
35	93	0.249398
35	94	0.24622
35	95	0.153429
35	96	0.141243
35	97	0.249597
35	98	0.173084
36	36	1
36	37	0.227418
36	38	0.038361
36	39	0.111163
36	40	0.136309
36	41	0.220582
36	42	0.058967
36	43	0.143141
36	44	0.132805
36	45	0.205836
36	46	0.107264
36	47	0.146048
36	48	0.124316
36	49	0.097686
36	50	0.158181
36	51	0.126416
36	52	0.088791
36	53	0.003061
36	54	0.162522
36	55	0.065359
36	56	0.266445
36	57	0.144814
36	58	0.066131
36	59	0.184682
36	60	0.152764
36	61	0.04089
36	62	0.071069
36	63	0.140405
36	64	0.066584
36	65	0.082556
36	66	0.054932
36	67	0.094259
36	68	0.170993
36	69	0.046035
36	70	0.086206
36	71	0.128137
36	72	0.035229
36	73	0.086519
36	74	0.105623
36	75	0.117721
36	76	0.307459
36	77	0.130704
36	78	0.037255
36	79	0.155469
36	80	0.217802
36	81	0.200576
36	82	0.087863
36	83	0.287351
36	84	0.080959
36	85	0.199063
36	86	0.101895
36	87	0.192176
36	88	0.069441
36	89	0.140265
36	90	0.136292
36	91	0.3555
36	92	0.081149
36	93	0.085129
36	94	0.146109
36	95	0.112029
36	96	0.084752
36	97	0.102778
36	98	0.104463
37	37	1
37	38	0.03423
37	39	0.222304
37	40	0.143495
37	41	0.54855
37	42	0.130718
37	43	0.164647
37	44	0.032445
37	45	0.614966
37	46	0.222656
37	47	0.199477
37	48	0.254585
37	49	0.01705
37	50	0.259359
37	51	0.110525
37	52	0.259879
37	53	0.12771
37	54	0.203654
37	55	0.10803
37	56	0.431584
37	57	0.187464
37	58	0.110703
37	59	0.3638
37	60	0.121089
37	61	0.042837
37	62	0.193912
37	63	0.232106
37	64	-0.037003
37	65	0.119259
37	66	0.085638
37	67	0.099129
37	68	0.257765
37	69	0.088271
37	70	0.159634
37	71	0.123945
37	72	0.147497
37	73	-0.028902
37	74	0.189276
37	75	0.155952
37	76	0.437877
37	77	0.064843
37	78	0.173499
37	79	0.148533
37	80	0.394303
37	81	0.310514
37	82	0.028235
37	83	0.450067
37	84	-0.003961
37	85	0.166524
37	86	0.203714
37	87	0.166759
37	88	0.061398
37	89	0.153924
37	90	0.254094
37	91	0.489482
37	92	0.084026
37	93	0.195043
37	94	0.143996
37	95	0.23211
37	96	0.170937
37	97	0.078053
37	98	0.130889
38	38	1
38	39	0.07462
38	40	0.125081
38	41	0.105886
38	42	0.232315
38	43	0.19361
38	44	0.094378
38	45	0.016713
38	46	0.129868
38	47	0.148663
38	48	-0.003269
38	49	0.117203
38	50	0.099342
38	51	0.034215
38	52	0.18141
38	53	0.159731
38	54	0.135814
38	55	0.302271
38	56	0.060323
38	57	0.090107
38	58	0.125245
38	59	0.179569
38	60	0.101698
38	61	0.043654
38	62	0.058248
38	63	0.071189
38	64	0.172956
38	65	0.132192
38	66	0.060825
38	67	0.115396
38	68	0.087297
38	69	0.154914
38	70	0.14559
38	71	-0.011367
38	72	0.062767
38	73	0.01373
38	74	0.092181
38	75	0.067519
38	76	0.102618
38	77	0.307573
38	78	0.186934
38	79	0.196764
38	80	-0.001475
38	81	0.124769
38	82	0.247975
38	83	0.156651
38	84	-0.032918
38	85	0.154081
38	86	0.100229
38	87	0.1332
38	88	0.106215
38	89	0.20138
38	90	0.173211
38	91	0.056907
38	92	0.223109
38	93	0.028798
38	94	0.12607
38	95	0.058361
38	96	0.156446
38	97	0.152261
38	98	0.071931
39	39	1
39	40	0.128042
39	41	0.338604
39	42	0.052729
39	43	0.363226
39	44	0.164411
39	45	0.290361
39	46	0.186289
39	47	0.259241
39	48	0.295788
39	49	0.238974
39	50	0.295453
39	51	0.096116
39	52	0.318484
39	53	0.426736
39	54	0.166152
39	55	0.1393
39	56	0.096083
39	57	0.138413
39	58	0.273979
39	59	0.243953
39	60	0.051282
39	61	0.212005
39	62	0.316716
39	63	0.227421
39	64	-0.051393
39	65	0.359767
39	66	0.175906
39	67	0.245356
39	68	0.316814
39	69	0.057569
39	70	0.339929
39	71	0.068985
39	72	0.118819
39	73	0.031294
39	74	0.183296
39	75	0.026315
39	76	0.116318
39	77	0.058647
39	78	0.107768
39	79	0.29217
39	80	0.149759
39	81	0.353192
39	82	0.148018
39	83	0.119564
39	84	-0.028816
39	85	0.223522
39	86	0.200249
39	87	0.150779
39	88	0.063261
39	89	0.230112
39	90	0.353769
39	91	0.157271
39	92	0.265829
39	93	0.02256
39	94	0.007832
39	95	0.16456
39	96	0.217254
39	97	0.05352
39	98	0.134494
40	40	1
40	41	0.165361
40	42	0.155949
40	43	0.350132
40	44	0.19745
40	45	0.177769
40	46	0.193197
40	47	0.283758
40	48	0.093524
40	49	0.254483
40	50	0.12651
40	51	0.229695
40	52	0.136486
40	53	0.158919
40	54	0.190399
40	55	0.241704
40	56	0.135356
40	57	0.075942
40	58	0.159826
40	59	0.338031
40	60	0.091361
40	61	0.227137
40	62	0.071199
40	63	0.081607
40	64	0.113644
40	65	0.174688
40	66	0.255256
40	67	0.258735
40	68	0.138592
40	69	0.144386
40	70	0.308504
40	71	0.162723
40	72	0.159109
40	73	-0.040581
40	74	0.237698
40	75	0.237046
40	76	0.152318
40	77	0.137796
40	78	0.150249
40	79	0.290484
40	80	0.220131
40	81	0.213234
40	82	0.21299
40	83	0.173491
40	84	0.183177
40	85	0.237972
40	86	0.31359
40	87	0.244532
40	88	0.207526
40	89	0.156126
40	90	0.230819
40	91	0.210706
40	92	0.111865
40	93	0.187321
40	94	0.226084
40	95	0.265635
40	96	0.289991
40	97	0.296345
40	98	0.203007
41	41	1
41	42	0.076882
41	43	0.274188
41	44	0.057447
41	45	0.64983
41	46	0.098448
41	47	0.232264
41	48	0.278841
41	49	0.136953
41	50	0.415299
41	51	0.056111
41	52	0.299304
41	53	0.177823
41	54	0.177569
41	55	0.056008
41	56	0.395364
41	57	0.15546
41	58	0.171381
41	59	0.364534
41	60	0.100437
41	61	0.174852
41	62	0.272059
41	63	0.287732
41	64	-0.05758
41	65	0.217711
41	66	0.119891
41	67	0.266403
41	68	0.348324
41	69	0.101511
41	70	0.210835
41	71	-0.027052
41	72	0.227463
41	73	0.001812
41	74	0.262035
41	75	0.089026
41	76	0.33283
41	77	-0.025599
41	78	0.137637
41	79	0.233616
41	80	0.34066
41	81	0.292733
41	82	0.092602
41	83	0.471892
41	84	-0.039128
41	85	0.253756
41	86	0.203842
41	87	0.173527
41	88	0.006348
41	89	0.138771
41	90	0.25389
41	91	0.44438
41	92	0.179649
41	93	0.153391
41	94	0.034488
41	95	0.231709
41	96	0.143953
41	97	0.039652
41	98	0.136538
42	42	1
42	43	0.301894
42	44	0.17059
42	45	0.044567
42	46	0.093839
42	47	0.094826
42	48	0.026444
42	49	0.080111
42	50	0.028567
42	51	0.032372
42	52	0.087963
42	53	0.133953
42	54	0.125161
42	55	0.424892
42	56	0.02114
42	57	0.207794
42	58	0.068411
42	59	0.094362
42	60	0.327407
42	61	0.186079
42	62	0.020112
42	63	0.085432
42	64	0.116809
42	65	0.057392
42	66	0.223347
42	67	0.173672
42	68	-0.000526
42	69	0.43085
42	70	0.231979
42	71	0.103831
42	72	0.044752
42	73	-0.13703
42	74	0.139671
42	75	0.18055
42	76	0.041618
42	77	0.313411
42	78	0.169435
42	79	0.235277
42	80	0.060895
42	81	0.193181
42	82	0.434412
42	83	0.048585
42	84	-0.017881
42	85	0.152493
42	86	0.151524
42	87	0.202697
42	88	0.100748
42	89	0.248507
42	90	0.063437
42	91	-0.000173
42	92	0.077302
42	93	0.266152
42	94	0.098703
42	95	0.215096
42	96	0.158616
42	97	0.090842
42	98	0.142605
43	43	1
43	44	0.350321
43	45	0.24487
43	46	0.283495
43	47	0.277136
43	48	0.3109
43	49	0.266756
43	50	0.327878
43	51	0.198953
43	52	0.361415
43	53	0.311509
43	54	0.264536
43	55	0.296817
43	56	0.120088
43	57	0.196156
43	58	0.243271
43	59	0.308959
43	60	0.254676
43	61	0.315885
43	62	0.334902
43	63	0.367708
43	64	0.156025
43	65	0.272182
43	66	0.28495
43	67	0.370844
43	68	0.314648
43	69	0.244311
43	70	0.370384
43	71	0.105793
43	72	0.169931
43	73	-0.00323
43	74	0.347498
43	75	0.306068
43	76	0.103549
43	77	0.177843
43	78	0.321825
43	79	0.51708
43	80	0.245142
43	81	0.442174
43	82	0.330339
43	83	0.18927
43	84	0.060584
43	85	0.511752
43	86	0.343223
43	87	0.313318
43	88	0.236561
43	89	0.518298
43	90	0.360341
43	91	0.170039
43	92	0.236966
43	93	0.257077
43	94	0.163048
43	95	0.37101
43	96	0.342018
43	97	0.201458
43	98	0.299418
44	44	1
44	45	0.123169
44	46	0.188558
44	47	0.190483
44	48	0.103729
44	49	0.279069
44	50	0.159577
44	51	0.220372
44	52	0.15728
44	53	0.137836
44	54	0.231753
44	55	0.206836
44	56	-0.023577
44	57	0.069761
44	58	0.166018
44	59	0.183432
44	60	0.172911
44	61	0.227477
44	62	0.063732
44	63	0.010846
44	64	0.098244
44	65	0.183124
44	66	0.396833
44	67	0.161314
44	68	0.037491
44	69	0.213884
44	70	0.164146
44	71	0.296336
44	72	0.153516
44	73	0.020691
44	74	0.169337
44	75	0.186618
44	76	0.011093
44	77	0.057438
44	78	0.035472
44	79	0.258382
44	80	0.126624
44	81	0.215316
44	82	0.24735
44	83	0.05288
44	84	0.110879
44	85	0.257601
44	86	0.233775
44	87	0.228555
44	88	0.207865
44	89	0.263616
44	90	0.198522
44	91	0.086249
44	92	0.167307
44	93	0.184719
44	94	0.215307
44	95	0.2483
44	96	0.157928
44	97	0.230275
44	98	0.175832
45	45	1
45	46	0.205695
45	47	0.142175
45	48	0.239793
45	49	0.115752
45	50	0.273394
45	51	0.167504
45	52	0.25711
45	53	0.2006
45	54	0.175617
45	55	0.055379
45	56	0.406385
45	57	0.074786
45	58	0.206717
45	59	0.312102
45	60	0.068967
45	61	0.078834
45	62	0.26065
45	63	0.177522
45	64	-0.113921
45	65	0.222607
45	66	0.118246
45	67	0.195663
45	68	0.255574
45	69	0.137262
45	70	0.200322
45	71	0.034855
45	72	0.13317
45	73	0.033885
45	74	0.187311
45	75	0.116924
45	76	0.358532
45	77	0.000275
45	78	0.13612
45	79	0.168075
45	80	0.316225
45	81	0.306113
45	82	0.020669
45	83	0.483221
45	84	-0.024732
45	85	0.220469
45	86	0.151289
45	87	0.148653
45	88	0.004548
45	89	0.126246
45	90	0.239863
45	91	0.429196
45	92	0.144459
45	93	0.129486
45	94	0.080547
45	95	0.255123
45	96	0.160821
45	97	0.038528
45	98	0.105553
46	46	1
46	47	0.245123
46	48	0.06907
46	49	0.116851
46	50	0.100039
46	51	0.226785
46	52	0.292362
46	53	0.12045
46	54	0.211095
46	55	0.114243
46	56	0.206724
46	57	0.078322
46	58	0.207804
46	59	0.27426
46	60	0.069954
46	61	0.084145
46	62	0.142284
46	63	0.154377
46	64	0.035258
46	65	0.120525
46	66	0.198447
46	67	0.112803
46	68	0.084145
46	69	0.176296
46	70	0.171452
46	71	0.083823
46	72	0.150919
46	73	0.007467
46	74	0.14735
46	75	0.219521
46	76	0.19292
46	77	0.075208
46	78	0.137373
46	79	0.229928
46	80	0.113107
46	81	0.272822
46	82	0.176289
46	83	0.22048
46	84	0.150806
46	85	0.130626
46	86	0.186446
46	87	0.301712
46	88	0.223326
46	89	0.197385
46	90	0.214314
46	91	0.300884
46	92	0.077308
46	93	0.191673
46	94	0.234081
46	95	0.226974
46	96	0.147043
46	97	0.27128
46	98	0.150496
47	47	1
47	48	0.219351
47	49	0.197491
47	50	0.232694
47	51	0.233596
47	52	0.282036
47	53	0.198508
47	54	0.240556
47	55	0.157138
47	56	0.21041
47	57	0.159524
47	58	0.193695
47	59	0.447465
47	60	0.206777
47	61	0.164554
47	62	0.116246
47	63	0.180985
47	64	0.073014
47	65	0.215134
47	66	0.223355
47	67	0.148055
47	68	0.237254
47	69	0.144848
47	70	0.242454
47	71	0.136825
47	72	0.196672
47	73	0.098878
47	74	0.204529
47	75	0.190716
47	76	0.124678
47	77	0.123559
47	78	0.122867
47	79	0.207328
47	80	0.213401
47	81	0.188715
47	82	0.155528
47	83	0.133278
47	84	0.254127
47	85	0.229181
47	86	0.255155
47	87	0.281399
47	88	0.128286
47	89	0.15941
47	90	0.355427
47	91	0.173354
47	92	0.153398
47	93	0.121658
47	94	0.161572
47	95	0.202342
47	96	0.265468
47	97	0.291226
47	98	0.232784
48	48	1
48	49	0.065587
48	50	0.701617
48	51	-0.035959
48	52	0.109613
48	53	0.212185
48	54	0.149158
48	55	0.038149
48	56	0.055256
48	57	0.134757
48	58	0.123227
48	59	0.124266
48	60	0.092292
48	61	0.103398
48	62	0.408493
48	63	0.356131
48	64	0.031056
48	65	0.315125
48	66	0.130215
48	67	0.140875
48	68	0.412238
48	69	-0.145815
48	70	0.237688
48	71	-0.015254
48	72	0.078905
48	73	-0.11571
48	74	0.413941
48	75	0.055272
48	76	0.078444
48	77	0.002407
48	78	0.28298
48	79	0.30136
48	80	0.19609
48	81	0.33741
48	82	0.032512
48	83	0.052492
48	84	0.015321
48	85	0.282153
48	86	0.152412
48	87	0.103791
48	88	0.057164
48	89	0.286936
48	90	0.280263
48	91	0.202687
48	92	0.199947
48	93	0.084512
48	94	0.006651
48	95	0.216977
48	96	0.273704
48	97	-0.015327
48	98	0.078731
49	49	1
49	50	0.12762
49	51	0.116272
49	52	0.154662
49	53	0.320666
49	54	0.135016
49	55	0.116501
49	56	-0.011585
49	57	0.041919
49	58	0.326658
49	59	0.205665
49	60	0.091146
49	61	0.119555
49	62	0.094752
49	63	0.115192
49	64	0.036362
49	65	0.133916
49	66	0.137494
49	67	0.217945
49	68	0.143419
49	69	0.191876
49	70	0.189786
49	71	0.178892
49	72	0.160644
49	73	0.022995
49	74	0.173081
49	75	0.202404
49	76	0.004459
49	77	0.167301
49	78	0.127652
49	79	0.202039
49	80	0.083037
49	81	0.200384
49	82	0.212115
49	83	-0.001994
49	84	0.139758
49	85	0.223796
49	86	0.212958
49	87	0.267904
49	88	0.137975
49	89	0.168806
49	90	0.159763
49	91	0.108273
49	92	0.194271
49	93	0.252919
49	94	0.177985
49	95	0.1369
49	96	0.205533
49	97	0.169051
49	98	0.228982
50	50	1
50	51	0.048459
50	52	0.124007
50	53	0.214941
50	54	0.180568
50	55	0.097305
50	56	0.110198
50	57	0.237191
50	58	0.129677
50	59	0.253229
50	60	0.078219
50	61	0.176075
50	62	0.435924
50	63	0.343527
50	64	0.058195
50	65	0.246131
50	66	0.165332
50	67	0.254664
50	68	0.459245
50	69	0.028069
50	70	0.257967
50	71	-0.027865
50	72	0.163317
50	73	-0.096172
50	74	0.408047
50	75	0.063764
50	76	0.114319
50	77	0.017859
50	78	0.306281
50	79	0.275844
50	80	0.192663
50	81	0.261168
50	82	0.116844
50	83	0.105054
50	84	-0.01497
50	85	0.24687
50	86	0.210017
50	87	0.187085
50	88	0.093852
50	89	0.231215
50	90	0.289278
50	91	0.250027
50	92	0.246229
50	93	0.140933
50	94	0.044868
50	95	0.221692
50	96	0.284259
50	97	0.090578
50	98	0.147703
51	51	1
51	52	0.147785
51	53	0.145352
51	54	0.238471
51	55	0.120208
51	56	0.14276
51	57	0.081621
51	58	0.084186
51	59	0.44313
51	60	0.087403
51	61	0.138385
51	62	-0.020262
51	63	-0.023209
51	64	0.166017
51	65	0.035937
51	66	0.239885
51	67	0.127151
51	68	0.0172
51	69	0.07117
51	70	0.118761
51	71	0.163209
51	72	0.125649
51	73	0.153967
51	74	0.07672
51	75	0.192419
51	76	0.116394
51	77	0.027217
51	78	0.010162
51	79	0.135485
51	80	0.269993
51	81	0.144847
51	82	0.077247
51	83	0.130758
51	84	0.302201
51	85	0.267369
51	86	0.308823
51	87	0.304399
51	88	0.410005
51	89	0.04142
51	90	0.126128
51	91	0.096963
51	92	-0.027234
51	93	0.147384
51	94	0.395076
51	95	0.179082
51	96	0.135545
51	97	0.458146
51	98	0.246204
52	52	1
52	53	0.320445
52	54	0.221375
52	55	0.071073
52	56	0.234836
52	57	0.106592
52	58	0.237333
52	59	0.300966
52	60	0.062278
52	61	0.194801
52	62	0.080785
52	63	0.13559
52	64	-0.090023
52	65	0.236836
52	66	0.136244
52	67	0.199478
52	68	0.163258
52	69	0.085224
52	70	0.266254
52	71	0.068782
52	72	0.137362
52	73	0.016543
52	74	0.131764
52	75	0.051275
52	76	0.196816
52	77	0.009572
52	78	0.072419
52	79	0.250669
52	80	0.138615
52	81	0.218003
52	82	0.202128
52	83	0.273662
52	84	0.040677
52	85	0.246086
52	86	0.191088
52	87	0.233481
52	88	0.084536
52	89	0.231336
52	90	0.283268
52	91	0.195402
52	92	0.161381
52	93	0.101951
52	94	0.066194
52	95	0.223797
52	96	0.14508
52	97	0.128691
52	98	0.162989
53	53	1
53	54	0.179646
53	55	0.108116
53	56	0.096213
53	57	0.07373
53	58	0.449048
53	59	0.279683
53	60	0.065388
53	61	0.207837
53	62	0.125834
53	63	0.123006
53	64	0.070186
53	65	0.355044
53	66	0.148271
53	67	0.205768
53	68	0.20559
53	69	0.030744
53	70	0.31892
53	71	0.102872
53	72	0.155236
53	73	-0.080703
53	74	0.126539
53	75	0.002356
53	76	0.077026
53	77	0.0727
53	78	0.104733
53	79	0.267089
53	80	0.138521
53	81	0.224213
53	82	0.112003
53	83	0.034862
53	84	0.03804
53	85	0.220258
53	86	0.26275
53	87	0.260649
53	88	0.062848
53	89	0.162856
53	90	0.396895
53	91	0.072847
53	92	0.317072
53	93	0.096132
53	94	-0.010414
53	95	0.19452
53	96	0.233569
53	97	0.120611
53	98	0.215242
54	54	1
54	55	0.211744
54	56	0.196223
54	57	0.087159
54	58	0.254916
54	59	0.359802
54	60	0.113432
54	61	0.192403
54	62	0.099052
54	63	0.194536
54	64	0.028395
54	65	0.09736
54	66	0.180899
54	67	0.197085
54	68	0.087352
54	69	0.114935
54	70	0.218641
54	71	0.093812
54	72	0.202367
54	73	0.046139
54	74	0.089054
54	75	0.146821
54	76	0.133408
54	77	0.150686
54	78	0.099098
54	79	0.204725
54	80	0.241557
54	81	0.231641
54	82	0.220416
54	83	0.185133
54	84	0.071568
54	85	0.279135
54	86	0.322852
54	87	0.275615
54	88	0.23736
54	89	0.194729
54	90	0.258823
54	91	0.212781
54	92	0.155575
54	93	0.110672
54	94	0.252555
54	95	0.221366
54	96	0.182903
54	97	0.297542
54	98	0.245095
55	55	1
55	56	0.086133
55	57	0.251908
55	58	0.097436
55	59	0.171441
55	60	0.156521
55	61	0.139801
55	62	0.083225
55	63	0.063346
55	64	0.229441
55	65	0.104828
55	66	0.182471
55	67	0.182259
55	68	0.071585
55	69	0.2821
55	70	0.229603
55	71	0.161201
55	72	0.089816
55	73	0.00113
55	74	0.116513
55	75	0.267865
55	76	0.088973
55	77	0.403394
55	78	0.11412
55	79	0.191975
55	80	0.21597
55	81	0.188526
55	82	0.37753
55	83	0.07058
55	84	0.131856
55	85	0.218407
55	86	0.277015
55	87	0.289982
55	88	0.164476
55	89	0.2142
55	90	0.162716
55	91	0.027687
55	92	0.054373
55	93	0.206387
55	94	0.123172
55	95	0.145675
55	96	0.261759
55	97	0.137487
55	98	0.238813
56	56	1
56	57	0.089263
56	58	0.211348
56	59	0.289765
56	60	0.049395
56	61	0.075704
56	62	0.072926
56	63	0.16287
56	64	-0.086448
56	65	0.136064
56	66	0.053068
56	67	0.129091
56	68	0.171705
56	69	0.098699
56	70	0.127273
56	71	0.056576
56	72	0.093227
56	73	0.053154
56	74	0.093644
56	75	0.083125
56	76	0.739803
56	77	-0.016007
56	78	0.0776
56	79	0.124372
56	80	0.440107
56	81	0.220491
56	82	0.052506
56	83	0.748546
56	84	0.052768
56	85	0.050499
56	86	0.24697
56	87	0.190301
56	88	0.041723
56	89	0.092551
56	90	0.124253
56	91	0.438971
56	92	0.055932
56	93	0.067416
56	94	0.079385
56	95	0.206922
56	96	-0.009037
56	97	0.115954
56	98	0.129218
57	57	1
57	58	0.055988
57	59	0.240156
57	60	0.128916
57	61	0.240756
57	62	0.088664
57	63	0.107996
57	64	0.108172
57	65	0.085899
57	66	0.07689
57	67	0.124765
57	68	0.198988
57	69	0.217174
57	70	0.049419
57	71	0.041121
57	72	0.107834
57	73	0.00197
57	74	0.105146
57	75	0.133672
57	76	0.119772
57	77	0.180701
57	78	0.137699
57	79	0.133131
57	80	0.185015
57	81	0.159343
57	82	0.192009
57	83	0.090777
57	84	0.06632
57	85	0.189578
57	86	0.206626
57	87	0.210518
57	88	0.076555
57	89	0.157262
57	90	0.164747
57	91	0.119558
57	92	0.081679
57	93	0.144521
57	94	0.085521
57	95	0.139968
57	96	0.125507
57	97	0.083042
57	98	0.110562
58	58	1
58	59	0.258053
58	60	0.103627
58	61	0.153811
58	62	0.085523
58	63	0.08999
58	64	0.006632
58	65	0.257165
58	66	0.125903
58	67	0.179747
58	68	0.08919
58	69	0.101295
58	70	0.194331
58	71	0.220938
58	72	0.113481
58	73	-0.059225
58	74	0.210844
58	75	0.035377
58	76	0.161317
58	77	0.055171
58	78	0.03122
58	79	0.201921
58	80	0.072473
58	81	0.221903
58	82	0.188752
58	83	0.137167
58	84	-0.023817
58	85	0.16295
58	86	0.175909
58	87	0.240866
58	88	0.028955
58	89	0.141584
58	90	0.244375
58	91	0.184751
58	92	0.276001
58	93	0.09239
58	94	0.010475
58	95	0.23538
58	96	0.202435
58	97	0.085105
58	98	0.14931
59	59	1
59	60	0.234693
59	61	0.185409
59	62	0.104599
59	63	0.149177
59	64	0.099296
59	65	0.19761
59	66	0.285876
59	67	0.244408
59	68	0.233318
59	69	0.11463
59	70	0.231811
59	71	0.123536
59	72	0.226846
59	73	0.018561
59	74	0.130125
59	75	0.19507
59	76	0.240328
59	77	0.044009
59	78	0.085115
59	79	0.328636
59	80	0.369207
59	81	0.235274
59	82	0.102987
59	83	0.311056
59	84	0.156356
59	85	0.266384
59	86	0.379284
59	87	0.332815
59	88	0.260768
59	89	0.196948
59	90	0.293321
59	91	0.240895
59	92	0.139479
59	93	0.18557
59	94	0.300345
59	95	0.284347
59	96	0.230292
59	97	0.336281
59	98	0.311933
60	60	1
60	61	0.076301
60	62	0.081645
60	63	0.114524
60	64	0.091746
60	65	0.146603
60	66	0.194262
60	67	0.155734
60	68	0.04976
60	69	0.097376
60	70	0.10427
60	71	0.115993
60	72	0.075858
60	73	-0.00568
60	74	0.152595
60	75	0.159441
60	76	0.026771
60	77	0.236078
60	78	0.115999
60	79	0.220572
60	80	0.110901
60	81	0.119738
60	82	0.211759
60	83	0.068711
60	84	0.148245
60	85	0.121917
60	86	0.087777
60	87	0.193864
60	88	0.089454
60	89	0.257155
60	90	0.149876
60	91	0.111241
60	92	0.175972
60	93	0.231497
60	94	0.135667
60	95	0.227342
60	96	0.19073
60	97	0.168645
60	98	0.125059
61	61	1
61	62	0.084019
61	63	0.110275
61	64	0.105895
61	65	0.109455
61	66	0.183618
61	67	0.294645
61	68	0.13534
61	69	0.150136
61	70	0.21763
61	71	0.091509
61	72	0.192389
61	73	0.065975
61	74	0.128986
61	75	0.079314
61	76	0.036426
61	77	0.030762
61	78	0.061308
61	79	0.26132
61	80	0.178753
61	81	0.240208
61	82	0.205124
61	83	0.088448
61	84	0.117986
61	85	0.256174
61	86	0.270355
61	87	0.197965
61	88	0.140385
61	89	0.253542
61	90	0.227871
61	91	-0.025961
61	92	0.176612
61	93	0.128412
61	94	0.156226
61	95	0.232568
61	96	0.232034
61	97	0.220766
61	98	0.123122
62	62	1
62	63	0.595304
62	64	-0.10124
62	65	0.215109
62	66	0.102754
62	67	0.076202
62	68	0.631754
62	69	-0.010306
62	70	0.167008
62	71	0.003897
62	72	0.101047
62	73	-0.122288
62	74	0.212321
62	75	0.132944
62	76	0.035505
62	77	0.000612
62	78	0.414948
62	79	0.246959
62	80	0.056169
62	81	0.237391
62	82	0.10084
62	83	0.109058
62	84	-0.004418
62	85	0.191173
62	86	0.140283
62	87	0.096855
62	88	0.111882
62	89	0.215675
62	90	0.211316
62	91	0.202018
62	92	0.186034
62	93	0.152352
62	94	0.004624
62	95	0.169594
62	96	0.199248
62	97	0.113385
62	98	0.013943
63	63	1
63	64	-0.071379
63	65	0.161672
63	66	0.050466
63	67	0.115412
63	68	0.545835
63	69	0.057393
63	70	0.122741
63	71	0.04947
63	72	0.099814
63	73	-0.125818
63	74	0.190359
63	75	0.077622
63	76	0.109631
63	77	0.079257
63	78	0.318283
63	79	0.228012
63	80	0.155486
63	81	0.225435
63	82	0.121372
63	83	0.174216
63	84	0.092949
63	85	0.20656
63	86	0.175125
63	87	0.130565
63	88	0.159887
63	89	0.283267
63	90	0.171691
63	91	0.266628
63	92	0.149768
63	93	0.140881
63	94	0.037685
63	95	0.16412
63	96	0.166462
63	97	0.161177
63	98	-0.019078
64	64	1
64	65	-0.04742
64	66	0.100837
64	67	0.074524
64	68	-0.000037
64	69	0.049886
64	70	0.075288
64	71	0.11004
64	72	0.078899
64	73	0.038172
64	74	0.038443
64	75	0.144494
64	76	0.018953
64	77	0.184335
64	78	0.030932
64	79	0.167317
64	80	0.113724
64	81	0.130017
64	82	0.107971
64	83	-0.022036
64	84	0.055622
64	85	0.232815
64	86	0.115772
64	87	0.214981
64	88	0.166534
64	89	0.182375
64	90	0.108051
64	91	0.030759
64	92	0.030341
64	93	0.049564
64	94	0.19006
64	95	0.071045
64	96	0.181358
64	97	0.138338
64	98	0.072935
65	65	1
65	66	0.158296
65	67	0.145713
65	68	0.198599
65	69	0.003017
65	70	0.252508
65	71	0.111967
65	72	0.094907
65	73	-0.093458
65	74	0.130925
65	75	0.013274
65	76	0.097184
65	77	0.054327
65	78	0.155903
65	79	0.30071
65	80	0.167884
65	81	0.257798
65	82	0.086632
65	83	0.109901
65	84	-0.009787
65	85	0.177899
65	86	0.129452
65	87	0.160519
65	88	-0.017089
65	89	0.202514
65	90	0.30941
65	91	0.122551
65	92	0.352438
65	93	0.09257
65	94	-0.02569
65	95	0.193057
65	96	0.106197
65	97	0.083095
65	98	0.189303
66	66	1
66	67	0.19862
66	68	0.104542
66	69	0.07931
66	70	0.20543
66	71	0.075142
66	72	0.154113
66	73	-0.003936
66	74	0.227603
66	75	0.115246
66	76	0.076439
66	77	0.061348
66	78	0.131515
66	79	0.264507
66	80	0.15726
66	81	0.1943
66	82	0.204729
66	83	0.073743
66	84	0.060905
66	85	0.257334
66	86	0.264392
66	87	0.174451
66	88	0.171133
66	89	0.199245
66	90	0.19689
66	91	0.065682
66	92	0.040499
66	93	0.12279
66	94	0.07588
66	95	0.225624
66	96	0.199607
66	97	0.159068
66	98	0.08655
67	67	1
67	68	0.086339
67	69	0.183578
67	70	0.262988
67	71	0.070386
67	72	0.026833
67	73	-0.002903
67	74	0.211941
67	75	0.043562
67	76	0.045631
67	77	0.079076
67	78	0.201202
67	79	0.234347
67	80	0.188304
67	81	0.247655
67	82	0.241373
67	83	0.129182
67	84	0.056207
67	85	0.206666
67	86	0.25686
67	87	0.171584
67	88	0.185066
67	89	0.287614
67	90	0.251528
67	91	0.11294
67	92	0.18074
67	93	0.125953
67	94	0.066955
67	95	0.306605
67	96	0.226701
67	97	0.125999
67	98	0.230666
68	68	1
68	69	-0.021855
68	70	0.221012
68	71	0.037729
68	72	0.160521
68	73	-0.041904
68	74	0.29914
68	75	0.106137
68	76	0.15412
68	77	0.013125
68	78	0.384249
68	79	0.291166
68	80	0.152933
68	81	0.3158
68	82	0.114032
68	83	0.221192
68	84	0.081692
68	85	0.240945
68	86	0.171673
68	87	0.167229
68	88	0.086723
68	89	0.255608
68	90	0.222195
68	91	0.270148
68	92	0.1735
68	93	0.153567
68	94	0.007171
68	95	0.182778
68	96	0.308738
68	97	0.082644
68	98	0.048632
69	69	1
69	70	0.103173
69	71	0.117844
69	72	0.11101
69	73	-0.068046
69	74	0.073707
69	75	0.134931
69	76	0.064909
69	77	0.219216
69	78	0.07815
69	79	0.071915
69	80	0.083088
69	81	0.096646
69	82	0.351908
69	83	0.089797
69	84	0.073632
69	85	0.104877
69	86	0.097069
69	87	0.11156
69	88	0.054197
69	89	0.114884
69	90	0.116852
69	91	0.112968
69	92	0.02919
69	93	0.207261
69	94	0.08154
69	95	0.117034
69	96	0.145548
69	97	0.109366
69	98	0.158341
70	70	1
70	71	0.094671
70	72	0.145376
70	73	-0.000111
70	74	0.281295
70	75	0.11269
70	76	0.142288
70	77	0.155704
70	78	0.250195
70	79	0.263409
70	80	0.213429
70	81	0.247251
70	82	0.240789
70	83	0.06631
70	84	0.07646
70	85	0.223589
70	86	0.211304
70	87	0.189523
70	88	0.137616
70	89	0.239408
70	90	0.333271
70	91	0.110721
70	92	0.209644
70	93	0.163008
70	94	0.117541
70	95	0.242641
70	96	0.189588
70	97	0.112332
70	98	0.202134
71	71	1
71	72	0.022605
71	73	-0.010147
71	74	0.126286
71	75	0.138099
71	76	0.039963
71	77	0.132364
71	78	-0.010443
71	79	0.086508
71	80	0.016026
71	81	0.10055
71	82	0.075819
71	83	0.079562
71	84	0.213138
71	85	0.122875
71	86	0.04054
71	87	0.183144
71	88	0.135252
71	89	0.036892
71	90	0.060195
71	91	0.123789
71	92	0.094219
71	93	0.150881
71	94	0.133601
71	95	0.067161
71	96	0.145136
71	97	0.149426
71	98	0.150344
72	72	1
72	73	-0.01497
72	74	0.083041
72	75	0.168461
72	76	0.091475
72	77	0.054657
72	78	0.02561
72	79	0.158379
72	80	0.121958
72	81	0.112467
72	82	0.169894
72	83	0.093326
72	84	0.064452
72	85	0.184557
72	86	0.397454
72	87	0.301149
72	88	0.061616
72	89	0.101387
72	90	0.219283
72	91	0.146261
72	92	0.129988
72	93	0.119428
72	94	0.117986
72	95	0.185725
72	96	0.200966
72	97	0.155747
72	98	0.045538
73	73	1
73	74	0.027843
73	75	0.030545
73	76	0.141158
73	77	0.082851
73	78	-0.079378
73	79	-0.079863
73	80	0.067376
73	81	0.001507
73	82	-0.017698
73	83	0.055545
73	84	0.121584
73	85	0.047911
73	86	-0.083592
73	87	-0.016385
73	88	0.12532
73	89	-0.023282
73	90	-0.019126
73	91	-0.027252
73	92	-0.007081
73	93	-0.112163
73	94	0.162813
73	95	-0.035758
73	96	-0.03103
73	97	0.138955
73	98	0.095183
74	74	1
74	75	0.159712
74	76	0.04902
74	77	0.128237
74	78	0.261744
74	79	0.162943
74	80	0.170201
74	81	0.248396
74	82	0.212755
74	83	0.06312
74	84	0.17846
74	85	0.218087
74	86	0.098086
74	87	0.157913
74	88	0.113324
74	89	0.206136
74	90	0.242569
74	91	0.220083
74	92	0.12981
74	93	0.181243
74	94	0.027489
74	95	0.257066
74	96	0.227889
74	97	0.109733
74	98	0.110124
75	75	1
75	76	0.072931
75	77	0.169947
75	78	0.113122
75	79	0.208016
75	80	0.251808
75	81	0.172744
75	82	0.190661
75	83	0.147925
75	84	0.314735
75	85	0.240528
75	86	0.23551
75	87	0.319353
75	88	0.218386
75	89	0.209333
75	90	0.020538
75	91	0.203479
75	92	-0.031476
75	93	0.623044
75	94	0.239665
75	95	0.151721
75	96	0.097646
75	97	0.250606
75	98	0.231193
76	76	1
76	77	0.103123
76	78	0.055196
76	79	0.144003
76	80	0.397435
76	81	0.242421
76	82	0.080291
76	83	0.653817
76	84	0.020971
76	85	0.070633
76	86	0.177587
76	87	0.13127
76	88	0.08157
76	89	0.099521
76	90	0.135428
76	91	0.449837
76	92	0.073485
76	93	-0.003951
76	94	0.120597
76	95	0.201304
76	96	0.037275
76	97	0.080464
76	98	0.146371
77	77	1
77	78	0.157253
77	79	0.087534
77	80	0.025258
77	81	0.08866
77	82	0.323
77	83	-0.026493
77	84	0.096079
77	85	0.234483
77	86	0.082211
77	87	0.213309
77	88	0.109689
77	89	0.190176
77	90	0.148106
77	91	0.059112
77	92	0.115849
77	93	0.12601
77	94	0.161742
77	95	0.110542
77	96	0.110196
77	97	0.156359
77	98	0.10414
78	78	1
78	79	0.1722
78	80	0.08145
78	81	0.203657
78	82	0.234121
78	83	0.111709
78	84	0.028694
78	85	0.145615
78	86	0.05839
78	87	0.15551
78	88	0.116995
78	89	0.169505
78	90	0.226115
78	91	0.183774
78	92	0.128065
78	93	0.118456
78	94	0.043528
78	95	0.155667
78	96	0.178451
78	97	0.083551
78	98	0.132627
79	79	1
79	80	0.232996
79	81	0.520678
79	82	0.19113
79	83	0.161657
79	84	0.037942
79	85	0.436641
79	86	0.296271
79	87	0.28322
79	88	0.207195
79	89	0.640733
79	90	0.317962
79	91	0.09586
79	92	0.231988
79	93	0.173406
79	94	0.154808
79	95	0.396612
79	96	0.284829
79	97	0.143161
79	98	0.164996
80	80	1
80	81	0.257309
80	82	0.091702
80	83	0.365663
80	84	0.08987
80	85	0.221564
80	86	0.283133
80	87	0.270672
80	88	0.20622
80	89	0.243873
80	90	0.162814
80	91	0.280109
80	92	0.065755
80	93	0.254798
80	94	0.33687
80	95	0.238098
80	96	0.082162
80	97	0.241016
80	98	0.283601
81	81	1
81	82	0.211059
81	83	0.259369
81	84	0.065223
81	85	0.367873
81	86	0.250463
81	87	0.235884
81	88	0.079177
81	89	0.508519
81	90	0.323324
81	91	0.21236
81	92	0.212545
81	93	0.156076
81	94	0.023624
81	95	0.368515
81	96	0.308218
81	97	0.089622
81	98	0.110821
82	82	1
82	83	0.056885
82	84	0.090326
82	85	0.259131
82	86	0.188045
82	87	0.305102
82	88	0.16663
82	89	0.235734
82	90	0.166348
82	91	0.075607
82	92	0.169255
82	93	0.261024
82	94	0.161638
82	95	0.139269
82	96	0.205482
82	97	0.156712
82	98	0.147697
83	83	1
83	84	0.033316
83	85	0.14142
83	86	0.209491
83	87	0.153536
83	88	0.099717
83	89	0.084931
83	90	0.117033
83	91	0.438193
83	92	0.052713
83	93	0.111667
83	94	0.132219
83	95	0.194904
83	96	-0.000209
83	97	0.087579
83	98	0.077749
84	84	1
84	85	0.164035
84	86	0.15702
84	87	0.237837
84	88	0.314531
84	89	0.139794
84	90	0.118709
84	91	0.116818
84	92	0.002741
84	93	0.241897
84	94	0.318013
84	95	0.12657
84	96	0.188775
84	97	0.337614
84	98	0.115298
85	85	1
85	86	0.326014
85	87	0.260113
85	88	0.226357
85	89	0.492495
85	90	0.246039
85	91	0.194542
85	92	0.108329
85	93	0.156146
85	94	0.202965
85	95	0.357382
85	96	0.279387
85	97	0.137862
85	98	0.188358
86	86	1
86	87	0.335454
86	88	0.228195
86	89	0.222219
86	90	0.300099
86	91	0.205748
86	92	0.139864
86	93	0.197314
86	94	0.202546
86	95	0.296313
86	96	0.259227
86	97	0.292366
86	98	0.161571
87	87	1
87	88	0.32483
87	89	0.219112
87	90	0.226141
87	91	0.242407
87	92	0.123823
87	93	0.26014
87	94	0.328836
87	95	0.230221
87	96	0.234703
87	97	0.352562
87	98	0.224549
88	88	1
88	89	0.168707
88	90	0.124555
88	91	0.08876
88	92	-0.025926
88	93	0.21456
88	94	0.591862
88	95	0.119226
88	96	0.189126
88	97	0.630022
88	98	0.177191
89	89	1
89	90	0.245007
89	91	0.134292
89	92	0.223545
89	93	0.222325
89	94	0.103904
89	95	0.349136
89	96	0.26925
89	97	0.131456
89	98	0.189802
90	90	1
90	91	0.156875
90	92	0.283068
90	93	0.072055
90	94	0.036735
90	95	0.323397
90	96	0.270794
90	97	0.1454
90	98	0.139726
91	91	1
91	92	0.080251
91	93	0.144874
91	94	0.135639
91	95	0.243185
91	96	0.12735
91	97	0.146921
91	98	0.143282
92	92	1
92	93	0.0268
92	94	0.055186
92	95	0.192467
92	96	0.285381
92	97	0.084027
92	98	0.103473
93	93	1
93	94	0.180661
93	95	0.144439
93	96	0.103822
93	97	0.234788
93	98	0.21322
94	94	1
94	95	0.090773
94	96	0.117976
94	97	0.573914
94	98	0.186241
95	95	1
95	96	0.286214
95	97	0.169404
95	98	0.160691
96	96	1
96	97	0.1636
96	98	0.150402
97	97	1
97	98	0.26412
98	98	1