0.009195	0.002938724
0.009191373	0.002908817
0.009187746	0.002879435
0.009184119	0.002850561
0.009180492	0.002822204
0.009176865	0.002794363
0.009173238	0.002767046
0.009169611	0.002740238
0.009165984	0.002713946
0.009162356	0.002688172
0.00915873	0.00266292
0.009155103	0.002638178
0.009151476	0.002613952
0.009147848	0.002590243
0.009144222	0.002567057
0.009140595	0.002544381
0.009136967	0.002522222
0.009133341	0.002500584
0.009129714	0.002479458
0.009126086	0.002458847
0.009122459	0.002438754
0.009118833	0.002419182
0.009115206	0.002400121
0.009111578	0.002381577
0.009107951	0.00236355
0.009104325	0.002346043
0.009100697	0.002329048
0.009097066	0.002312426
0.009093433	0.002296007
0.009089802	0.002279793
0.00908617	0.002263778
0.009082538	0.002247964
0.009078907	0.002232356
0.009075275	0.002216947
0.009071643	0.002201739
0.009068011	0.002186733
0.00906438	0.002171933
0.009060748	0.002157331
0.009057115	0.002142931
0.009053483	0.002128734
0.009049852	0.002114741
0.00904622	0.002100947
0.009042588	0.002087355
0.009038957	0.002073969
0.009035325	0.002060781
0.009031693	0.002047795
0.009028061	0.002035011
0.00902443	0.002022432
0.009020798	0.002010052
0.009017165	0.001997874
0.009013533	0.001985898
0.009009902	0.001974127
0.00900627	0.001962555
0.009002638	0.001951184
0.008999006	0.001940016
0.008995375	0.001929053
0.008991743	0.001918289
0.008988111	0.001907726
0.00898448	0.001897369
0.008980848	0.00188721
0.008977215	0.001877254
0.008973583	0.0018675
0.008969952	0.00185795
0.00896632	0.001848599
0.008962688	0.001839451
0.008959056	0.001830505
0.008955425	0.001821762
0.008951793	0.00181322
0.008948161	0.001804879
0.008944529	0.001796741
0.008940898	0.001788806
0.008937265	0.001781072
0.008933633	0.001773539
0.008930002	0.00176621
0.00892637	0.001759082
0.008922738	0.001752155
0.008919106	0.00174543
0.008915475	0.001738909
0.008911843	0.001732589
0.008908211	0.00172647
0.008904579	0.001720553
0.008900948	0.00171484
0.008897316	0.001709321
0.008893686	0.001703873
0.008890056	0.001698445
0.008886427	0.001693039
0.008882797	0.00168765
0.008879167	0.001682282
0.008875538	0.001676934
0.008871908	0.001671605
0.008868278	0.001666296
0.008864648	0.001661007
0.008861019	0.001655738
0.008857389	0.001650489
0.008853759	0.001645259
0.008850129	0.001640048
0.0088465	0.001634859
0.00884287	0.001629689
0.00883924	0.001624538
0.00883561	0.001619407
0.008831981	0.001614297
0.008828351	0.001609205
0.00882472	0.001604134
0.008821091	0.001599083
0.008817461	0.001594051
0.008813831	0.001589039
0.008810201	0.001584046
0.008806572	0.001579075
0.008802942	0.001574122
0.008799312	0.001569189
0.008795682	0.001564275
0.008792053	0.001559383
0.008788423	0.001554509
0.008784793	0.001549656
0.008781164	0.001544823
0.008777534	0.001540008
0.008773904	0.001535214
0.008770274	0.001530439
0.008766645	0.001525685
0.008763015	0.00152095
0.008759385	0.001516235
0.008755755	0.001511539
0.008752126	0.001506865
0.008748496	0.001502209
0.008744866	0.001497572
0.008741236	0.001492956
0.008737607	0.001488361
0.008733977	0.001483784
0.008730347	0.001479227
0.008726718	0.001474691
0.008723088	0.001470173
0.008719458	0.001465676
0.008715828	0.001461198
0.008712199	0.001456741
0.008708569	0.001452303
0.008704939	0.001447884
0.008701309	0.001443486
0.008697679	0.001439108
0.00869405	0.001434749
0.008690419	0.00143041
0.008686789	0.00142609
0.00868316	0.001421792
0.00867953	0.001417512
0.0086759	0.001413252
0.008672271	0.001409012
0.008668641	0.001404792
0.008665011	0.001400591
0.008661381	0.00139641
0.008657752	0.00139225
0.008654122	0.001388109
0.008650492	0.001383987
0.008646862	0.001379886
0.008643233	0.001375805
0.008639603	0.001371743
0.008635973	0.0013677
0.008632343	0.001363678
0.008628714	0.001359676
0.008625084	0.001355693
0.008621454	0.00135173
0.008617825	0.001347787
0.008614195	0.001343864
0.008610565	0.00133996
0.008606935	0.001336076
0.008603306	0.001332213
0.008599676	0.001328369
0.008596046	0.001324544
0.008592416	0.001320739
0.008588787	0.001316955
0.008585157	0.00131319
0.008581527	0.001309444
0.008577897	0.001305719
0.008574268	0.001302014
0.008570638	0.001298328
0.008567007	0.001294661
0.008563378	0.001291016
0.008559748	0.001287389
0.008556118	0.001283783
0.008552488	0.001280195
0.008548859	0.001276629
0.008545229	0.001273082
0.008541599	0.001269554
0.008537969	0.001266046
0.00853434	0.001262559
0.00853071	0.00125909
0.00852708	0.001255642
0.008523451	0.001252214
0.008519821	0.001248805
0.008516191	0.001245416
0.008512561	0.001242047
0.008508932	0.001238698
0.008505302	0.001235368
0.008501672	0.001232058
0.008498042	0.001228768
0.008494413	0.001225499
0.008490783	0.001222248
0.008487153	0.001219017
0.008483523	0.001215806
0.008479894	0.001212616
0.008476264	0.001209445
0.008472634	0.001206293
0.008469005	0.001203162
0.008465375	0.00120005
0.008461745	0.001196958
0.008458115	0.001193885
0.008454486	0.001190834
0.008450856	0.001187801
0.008447226	0.001184788
0.008443595	0.001181794
0.008439966	0.001178822
0.008436336	0.001175868
0.008432707	0.001172934
0.008429076	0.00117002
0.008425447	0.001167127
0.008421817	0.001164252
0.008418187	0.001161397
0.008414558	0.001158563
0.008410928	0.001155748
0.008407298	0.001152953
0.008403668	0.001150177
0.008400039	0.001147422
0.008396409	0.001144687
0.008392779	0.00114197
0.008389149	0.001139274
0.00838552	0.001136598
0.00838189	0.001133942
0.00837826	0.001131305
0.00837463	0.001128687
0.008371001	0.001126091
0.008367371	0.001123513
0.008363741	0.001120955
0.008360112	0.001118418
0.008356482	0.0011159
0.008352852	0.001113402
0.008349222	0.001110923
0.008345593	0.001108465
0.008341963	0.001106026
0.008338333	0.001103607
0.008334703	0.001101207
0.008331074	0.001098828
0.008327444	0.001096468
0.008323814	0.001094128
0.008320184	0.001091808
0.008316555	0.001089508
0.008312925	0.001087228
0.008309295	0.001084967
0.008305665	0.001082726
0.008302035	0.001080505
0.008298405	0.001078304
0.008294775	0.001076122
0.008291146	0.001073961
0.008287516	0.001071819
0.008283886	0.001069696
0.008280256	0.001067594
0.008276627	0.001065508
0.008272996	0.00106343
0.008269365	0.001061358
0.008265736	0.001059294
0.008262105	0.001057236
0.008258474	0.001055185
0.008254844	0.001053141
0.008251214	0.001051105
0.008247583	0.001049075
0.008243953	0.001047053
0.008240322	0.001045037
0.008236692	0.001043029
0.008233062	0.001041027
0.008229431	0.001039033
0.0082258	0.001037045
0.008222171	0.001035065
0.00821854	0.001033091
0.00821491	0.001031124
0.00821128	0.001029165
0.008207649	0.001027213
0.008204018	0.001025267
0.008200388	0.001023329
0.008196758	0.001021397
0.008193127	0.001019473
0.008189497	0.001017555
0.008185866	0.001015645
0.008182237	0.001013742
0.008178606	0.001011845
0.008174975	0.001009956
0.008171345	0.001008073
0.008167715	0.001006198
0.008164084	0.00100433
0.008160454	0.001002468
0.008156824	0.001000614
0.008153193	0.000998767
0.008149563	0.000996926
0.008145932	0.000995093
0.008142302	0.000993267
0.008138671	0.000991447
0.008135041	0.000989635
0.00813141	0.000987829
0.008127781	0.000986031
0.00812415	0.00098424
0.008120519	0.000982455
0.008116889	0.000980678
0.008113259	0.000978908
0.008109628	0.000977141
0.008105996	0.000975377
0.008102366	0.000973618
0.008098735	0.000971861
0.008095104	0.000970108
0.008091473	0.000968358
0.008087843	0.000966613
0.008084211	0.00096487
0.00808058	0.000963131
0.008076949	0.000961395
0.008073319	0.000959663
0.008069688	0.000957935
0.008066056	0.00095621
0.008062426	0.000954488
0.008058795	0.00095277
0.008055164	0.000951055
0.008051533	0.000949344
0.008047903	0.000947637
0.008044271	0.000945932
0.00804064	0.000944232
0.008037009	0.000942534
0.008033379	0.000940841
0.008029748	0.00093915
0.008026117	0.000937463
0.008022485	0.00093578
0.008018855	0.000934099
0.008015223	0.000932421
0.008011592	0.000930745
0.008007962	0.000929073
0.00800433	0.000927403
0.008000699	0.000925736
0.007997068	0.000924071
0.007993437	0.00092241
0.007989806	0.000920752
0.007986174	0.000919095
0.007982543	0.000917442
0.007978913	0.000915792
0.007975281	0.000914145
0.00797165	0.0009125
0.007968019	0.000910858
0.007964388	0.000909219
0.007960757	0.000907582
0.007957125	0.000905949
0.007953495	0.000904318
0.007949863	0.00090269
0.007946232	0.000901065
0.007942601	0.000899442
0.00793897	0.000897823
0.007935339	0.000896206
0.007931708	0.000894592
0.007928076	0.00089298
0.007924446	0.000891372
0.007920814	0.000889766
0.007917183	0.000888163
0.007913552	0.000886563
0.007909921	0.000884966
0.00790629	0.000883371
0.007902659	0.00088178
0.007899028	0.000880191
0.007895397	0.000878605
0.007891765	0.000877021
0.007888134	0.00087544
0.007884504	0.000873863
0.007880872	0.000872288
0.007877241	0.000870715
0.007873609	0.000869146
0.007869979	0.000867579
0.007866348	0.000866015
0.007862716	0.000864454
0.007859085	0.000862896
0.007855454	0.000861341
0.007851823	0.000859788
0.007848192	0.000858238
0.007844561	0.000856691
0.00784093	0.000855146
0.007837299	0.000853605
0.007833667	0.000852066
0.007830037	0.00085053
0.007826406	0.000848997
0.007822774	0.000847466
0.007819143	0.000845938
0.007815512	0.000844414
0.007811881	0.000842892
0.00780825	0.000841372
0.007804619	0.000839856
0.007800988	0.000838342
0.007797356	0.000836831
0.007793725	0.000835323
0.007790094	0.000833818
0.007786463	0.000832315
0.007782832	0.000830816
0.007779201	0.000829319
0.00777557	0.000827824
0.007771939	0.000826333
0.007768307	0.000824844
0.007764676	0.000823359
0.007761045	0.000821876
0.007757414	0.000820395
0.007753783	0.000818918
0.007750152	0.000817443
0.007746521	0.000815972
0.00774289	0.000814502
0.007739259	0.000813036
0.007735628	0.000811573
0.007731997	0.000810112
0.007728365	0.000808654
0.007724734	0.000807199
0.007721103	0.000805746
0.007717472	0.000804297
0.007713841	0.00080285
0.00771021	0.000801406
0.007706578	0.000799965
0.007702948	0.000798526
0.007699317	0.000797091
0.007695685	0.000795658
0.007692054	0.000794228
0.007688423	0.000792801
0.007684792	0.000791376
0.007681161	0.000789955
0.00767753	0.000788536
0.007673899	0.000787119
0.007670267	0.000785706
0.007666636	0.000784296
0.007663005	0.000782888
0.007659374	0.000781483
0.007655743	0.000780081
0.007652112	0.000778681
0.007648481	0.000777285
0.00764485	0.000775891
0.007641218	0.0007745
0.007637588	0.000773112
0.007633956	0.000771726
0.007630325	0.000770344
0.007626694	0.000768964
0.007623063	0.000767587
0.007619432	0.000766212
0.007615801	0.000764841
0.00761217	0.000763472
0.007608539	0.000762106
0.007604907	0.000760743
0.007601276	0.000759383
0.007597645	0.000758025
0.007594014	0.00075667
0.007590383	0.000755319
0.007586752	0.000753969
0.007583121	0.000752623
0.00757949	0.000751279
0.007575859	0.000749938
0.007572227	0.0007486
0.007568596	0.000747265
0.007564965	0.000745933
0.007561334	0.000744603
0.007557703	0.000743276
0.007554072	0.000741952
0.00755044	0.000740631
0.00754681	0.000739312
0.007543179	0.000737997
0.007539547	0.000736683
0.007535916	0.000735373
0.007532285	0.000734066
0.007528654	0.000732761
0.007525023	0.000731459
0.007521392	0.000730161
0.00751776	0.000728864
0.007514129	0.000727571
0.007510498	0.00072628
0.007506867	0.000724992
0.007503236	0.000723707
0.007499605	0.000722425
0.007495974	0.000721146
0.007492343	0.000719869
0.007488712	0.000718595
0.007485081	0.000717324
0.00748145	0.000716056
0.007477818	0.00071479
0.007474187	0.000713527
0.007470556	0.000712267
0.007466925	0.00071101
0.007463294	0.000709756
0.007459663	0.000708504
0.007456032	0.000707255
0.007452401	0.000706009
0.007448769	0.000704766
0.007445138	0.000703525
0.007441507	0.000702288
0.007437876	0.000701053
0.007434245	0.000699821
0.007430614	0.000698591
0.007426983	0.000697365
0.007423352	0.000696141
0.007419721	0.00069492
0.007416089	0.000693702
0.007412458	0.000692487
0.007408827	0.000691274
0.007405196	0.000690063
0.007401564	0.000688854
0.007397933	0.000687648
0.007394301	0.000686444
0.00739067	0.000685242
0.007387039	0.000684043
0.007383407	0.000682845
0.007379776	0.00068165
0.007376144	0.000680457
0.007372513	0.000679266
0.007368882	0.000678078
0.00736525	0.000676892
0.007361619	0.000675707
0.007357988	0.000674526
0.007354356	0.000673346
0.007350725	0.000672169
0.007347093	0.000670994
0.007343462	0.000669821
0.007339831	0.00066865
0.007336199	0.000667482
0.007332568	0.000666316
0.007328937	0.000665152
0.007325305	0.00066399
0.007321674	0.00066283
0.007318043	0.000661673
0.007314411	0.000660518
0.00731078	0.000659365
0.007307148	0.000658215
0.007303517	0.000657066
0.007299885	0.00065592
0.007296254	0.000654777
0.007292623	0.000653635
0.007288991	0.000652495
0.00728536	0.000651358
0.007281729	0.000650223
0.007278098	0.000649091
0.007274466	0.00064796
0.007270835	0.000646832
0.007267203	0.000645706
0.007263572	0.000644582
0.00725994	0.00064346
0.007256309	0.000642341
0.007252678	0.000641224
0.007249046	0.000640109
0.007245415	0.000638996
0.007241784	0.000637886
0.007238152	0.000636778
0.007234521	0.000635672
0.00723089	0.000634568
0.007227258	0.000633466
0.007223627	0.000632367
0.007219995	0.00063127
0.007216364	0.000630175
0.007212732	0.000629082
0.007209101	0.000627992
0.007205469	0.000626904
0.007201839	0.000625818
0.007198207	0.000624734
0.007194575	0.000623653
0.007190944	0.000622574
0.007187313	0.000621497
0.007183682	0.000620422
0.00718005	0.00061935
0.007176419	0.000618279
0.007172787	0.000617211
0.007169156	0.000616145
0.007165525	0.000615082
0.007161893	0.00061402
0.007158262	0.000612961
0.00715463	0.000611904
0.007150999	0.000610849
0.007147368	0.000609797
0.007143736	0.000608747
0.007140105	0.000607699
0.007136473	0.000606653
0.007132842	0.00060561
0.007129211	0.000604568
0.00712558	0.000603529
0.007121948	0.000602492
0.007118317	0.000601458
0.007114685	0.000600425
0.007111054	0.000599395
0.007107423	0.000598367
0.007103791	0.000597341
0.00710016	0.000596318
0.007096528	0.000595297
0.007092897	0.000594278
0.007089266	0.000593261
0.007085635	0.000592246
0.007082003	0.000591234
0.007078372	0.000590224
0.00707474	0.000589216
0.007071109	0.00058821
0.007067478	0.000587207
0.007063846	0.000586206
0.007060215	0.000585207
0.007056583	0.00058421
0.007052952	0.000583216
0.00704932	0.000582224
0.007045689	0.000581234
0.007042058	0.000580246
0.007038427	0.00057926
0.007034795	0.000578277
0.007031164	0.000577296
0.007027532	0.000576317
0.007023901	0.00057534
0.00702027	0.000574366
0.007016638	0.000573394
0.007013007	0.000572424
0.007009375	0.000571456
0.007005744	0.00057049
0.007002112	0.000569527
0.006998481	0.000568566
0.00699485	0.000567607
0.006991218	0.000566651
0.006987587	0.000565696
0.006983956	0.000564744
0.006980325	0.000563794
0.006976693	0.000562847
0.006973062	0.000561901
0.00696943	0.000560958
0.006965799	0.000560017
0.006962167	0.000559078
0.006958536	0.000558142
0.006954905	0.000557208
0.006951273	0.000556275
0.006947642	0.000555346
0.006944011	0.000554418
0.006940379	0.000553493
0.006936748	0.000552569
0.006933117	0.000551648
0.006929485	0.000550728
0.006925854	0.000549811
0.006922223	0.000548895
0.006918592	0.000547982
0.00691496	0.00054707
0.006911329	0.000546161
0.006907697	0.000545253
0.006904066	0.000544348
0.006900435	0.000543445
0.006896804	0.000542543
0.006893172	0.000541644
0.006889541	0.000540747
0.00688591	0.000539851
0.006882279	0.000538958
0.006878647	0.000538067
0.006875016	0.000537177
0.006871385	0.00053629
0.006867753	0.000535405
0.006864122	0.000534521
0.006860491	0.00053364
0.00685686	0.000532761
0.006853228	0.000531884
0.006849597	0.000531009
0.006845965	0.000530135
0.006842334	0.000529264
0.006838703	0.000528395
0.006835072	0.000527528
0.00683144	0.000526662
0.006827809	0.000525799
0.006824178	0.000524938
0.006820546	0.000524079
0.006816916	0.000523222
0.006813284	0.000522367
0.006809653	0.000521514
0.006806021	0.000520662
0.00680239	0.000519813
0.006798759	0.000518966
0.006795127	0.000518121
0.006791496	0.000517278
0.006787865	0.000516437
0.006784233	0.000515598
0.006780602	0.000514761
0.006776971	0.000513926
0.006773339	0.000513093
0.006769709	0.000512262
0.006766077	0.000511433
0.006762446	0.000510606
0.006758814	0.000509781
0.006755183	0.000508958
0.006751551	0.000508137
0.006747921	0.000507318
0.006744289	0.000506501
0.006740658	0.000505686
0.006737026	0.000504873
0.006733395	0.000504061
0.006729763	0.000503251
0.006726132	0.000502443
0.006722501	0.000501637
0.00671887	0.000500832
0.006715239	0.000500029
0.006711608	0.000499228
0.006707977	0.000498428
0.006704345	0.000497629
0.006700714	0.000496833
0.006697083	0.000496038
0.006693452	0.000495244
0.006689821	0.000494452
0.00668619	0.000493662
0.006682558	0.000492873
0.006678927	0.000492086
0.006675296	0.0004913
0.006671665	0.000490516
0.006668035	0.000489733
0.006664404	0.000488951
0.006660773	0.000488171
0.006657142	0.000487392
0.006653511	0.000486614
0.00664988	0.000485837
0.00664625	0.000485062
0.006642618	0.000484288
0.006638988	0.000483516
0.006635357	0.000482744
0.006631726	0.000481974
0.006628095	0.000481206
0.006624464	0.000480438
0.006620834	0.000479672
0.006617203	0.000478907
0.006613572	0.000478144
0.006609941	0.000477382
0.00660631	0.000476621
0.006602679	0.000475861
0.006599048	0.000475103
0.006595417	0.000474346
0.006591786	0.00047359
0.006588155	0.000472836
0.006584525	0.000472083
0.006580894	0.000471331
0.006577263	0.00047058
0.006573632	0.000469831
0.006570001	0.000469083
0.00656637	0.000468337
0.006562739	0.000467591
0.006559109	0.000466847
0.006555477	0.000466105
0.006551847	0.000465363
0.006548216	0.000464623
0.006544585	0.000463884
0.006540954	0.000463147
0.006537323	0.000462411
0.006533692	0.000461676
0.006530062	0.000460942
0.00652643	0.00046021
0.0065228	0.000459479
0.006519169	0.000458749
0.006515538	0.000458021
0.006511908	0.000457293
0.006508276	0.000456567
0.006504646	0.000455842
0.006501015	0.000455118
0.006497384	0.000454396
0.006493753	0.000453674
0.006490122	0.000452954
0.006486491	0.000452234
0.006482861	0.000451517
0.00647923	0.0004508
0.006475599	0.000450084
0.006471968	0.00044937
0.006468337	0.000448656
0.006464706	0.000447944
0.006461075	0.000447233
0.006457444	0.000446524
0.006453813	0.000445815
0.006450183	0.000445108
0.006446552	0.000444401
0.006442921	0.000443696
0.00643929	0.000442992
0.006435659	0.00044229
0.006432028	0.000441588
0.006428398	0.000440888
0.006424766	0.000440189
0.006421136	0.000439491
0.006417505	0.000438794
0.006413874	0.000438098
0.006410243	0.000437404
0.006406612	0.00043671
0.006402982	0.000436018
0.006399351	0.000435327
0.00639572	0.000434637
0.006392089	0.000433949
0.006388458	0.000433261
0.006384827	0.000432575
0.006381196	0.00043189
0.006377565	0.000431206
0.006373935	0.000430523
0.006370304	0.000429842
0.006366673	0.000429161
0.006363042	0.000428482
0.006359411	0.000427804
0.00635578	0.000427127
0.006352149	0.000426452
0.006348519	0.000425777
0.006344887	0.000425104
0.006341257	0.000424432
0.006337626	0.000423761
0.006333995	0.000423091
0.006330364	0.000422422
0.006326734	0.000421755
0.006323102	0.000421088
0.006319472	0.000420423
0.006315841	0.000419759
0.00631221	0.000419097
0.00630858	0.000418435
0.006304948	0.000417775
0.006301318	0.000417115
0.006297687	0.000416457
0.006294056	0.0004158
0.006290425	0.000415145
0.006286794	0.00041449
0.006283163	0.000413837
0.006279532	0.000413185
0.006275901	0.000412534
0.006272271	0.000411884
0.00626864	0.000411235
0.006265009	0.000410588
0.006261378	0.000409941
0.006257747	0.000409296
0.006254116	0.000408652
0.006250485	0.000408009
0.006246855	0.000407368
0.006243224	0.000406727
0.006239593	0.000406088
0.006235962	0.00040545
0.006232331	0.000404813
0.0062287	0.000404177
0.006225069	0.000403543
0.006221439	0.000402909
0.006217808	0.000402277
0.006214177	0.000401646
0.006210546	0.000401016
0.006206915	0.000400387
0.006203284	0.00039976
0.006199654	0.000399134
0.006196023	0.000398508
0.006192392	0.000397884
0.006188761	0.000397262
0.00618513	0.00039664
0.006181499	0.000396019
0.006177869	0.0003954
0.006174237	0.000394782
0.006170607	0.000394165
0.006166976	0.000393549
0.006163345	0.000392935
0.006159714	0.000392321
0.006156083	0.000391709
0.006152452	0.000391098
0.006148822	0.000390488
0.006145191	0.000389879
0.00614156	0.000389271
0.006137929	0.000388665
0.006134298	0.000388059
0.006130667	0.000387454
0.006127036	0.000386851
0.006123405	0.000386248
0.006119774	0.000385647
0.006116143	0.000385047
0.006112512	0.000384447
0.006108881	0.000383849
0.006105251	0.000383252
0.00610162	0.000382656
0.006097989	0.000382061
0.006094358	0.000381467
0.006090727	0.000380874
0.006087096	0.000380283
0.006083465	0.000379692
0.006079834	0.000379102
0.006076203	0.000378514
0.006072572	0.000377926
0.006068941	0.00037734
0.00606531	0.000376755
0.00606168	0.00037617
0.006058048	0.000375587
0.006054418	0.000375005
0.006050787	0.000374424
0.006047156	0.000373844
0.006043525	0.000373265
0.006039894	0.000372687
0.006036263	0.000372111
0.006032632	0.000371535
0.006029001	0.00037096
0.00602537	0.000370387
0.00602174	0.000369814
0.006018108	0.000369243
0.006014478	0.000368672
0.006010847	0.000368103
0.006007216	0.000367535
0.006003585	0.000366967
0.005999954	0.000366401
0.005996324	0.000365836
0.005992692	0.000365272
0.005989062	0.000364709
0.005985431	0.000364146
0.0059818	0.000363585
0.005978169	0.000363025
0.005974538	0.000362466
0.005970907	0.000361908
0.005967276	0.000361352
0.005963645	0.000360796
0.005960015	0.000360241
0.005956384	0.000359687
0.005952753	0.000359134
0.005949122	0.000358583
0.005945491	0.000358032
0.005941861	0.000357483
0.00593823	0.000356934
0.005934599	0.000356387
0.005930968	0.00035584
0.005927337	0.000355294
0.005923706	0.00035475
0.005920075	0.000354206
0.005916444	0.000353663
0.005912813	0.000353122
0.005909182	0.000352581
0.005905551	0.000352041
0.00590192	0.000351502
0.005898289	0.000350964
0.005894659	0.000350427
0.005891028	0.000349891
0.005887397	0.000349356
0.005883766	0.000348821
0.005880135	0.000348288
0.005876504	0.000347756
0.005872873	0.000347224
0.005869242	0.000346694
0.005865611	0.000346164
0.00586198	0.000345636
0.005858349	0.000345108
0.005854718	0.000344581
0.005851087	0.000344056
0.005847457	0.000343531
0.005843825	0.000343007
0.005840195	0.000342484
0.005836564	0.000341962
0.005832933	0.000341441
0.005829302	0.000340921
0.005825671	0.000340402
0.00582204	0.000339884
0.005818409	0.000339367
0.005814778	0.00033885
0.005811147	0.000338335
0.005807516	0.00033782
0.005803885	0.000337307
0.005800254	0.000336794
0.005796624	0.000336283
0.005792993	0.000335772
0.005789362	0.000335262
0.005785731	0.000334754
0.0057821	0.000334246
0.005778469	0.000333739
0.005774838	0.000333233
0.005771207	0.000332728
0.005767576	0.000332224
0.005763945	0.000331721
0.005760314	0.000331219
0.005756683	0.000330718
0.005753052	0.000330217
0.005749422	0.000329718
0.005745791	0.00032922
0.00574216	0.000328722
0.005738529	0.000328226
0.005734898	0.00032773
0.005731267	0.000327236
0.005727636	0.000326742
0.005724005	0.000326249
0.005720374	0.000325757
0.005716743	0.000325267
0.005713112	0.000324777
0.005709481	0.000324288
0.00570585	0.0003238
0.00570222	0.000323313
0.005698588	0.000322827
0.005694958	0.000322342
0.005691327	0.000321857
0.005687696	0.000321374
0.005684065	0.000320892
0.005680434	0.00032041
0.005676803	0.00031993
0.005673172	0.00031945
0.005669541	0.000318972
0.00566591	0.000318494
0.00566228	0.000318018
0.005658648	0.000317542
0.005655018	0.000317067
0.005651387	0.000316593
0.005647756	0.00031612
0.005644124	0.000315648
0.005640494	0.000315177
0.005636863	0.000314707
0.005633232	0.000314238
0.005629601	0.00031377
0.00562597	0.000313303
0.005622339	0.000312836
0.005618708	0.000312371
0.005615078	0.000311907
0.005611446	0.000311443
0.005607816	0.000310981
0.005604184	0.000310519
0.005600554	0.000310059
0.005596923	0.000309599
0.005593292	0.00030914
0.005589661	0.000308682
0.00558603	0.000308225
0.005582399	0.00030777
0.005578768	0.000307315
0.005575137	0.000306861
0.005571506	0.000306407
0.005567875	0.000305955
0.005564244	0.000305504
0.005560614	0.000305054
0.005556983	0.000304605
0.005553352	0.000304156
0.005549721	0.000303709
0.00554609	0.000303262
0.005542459	0.000302817
0.005538828	0.000302372
0.005535197	0.000301929
0.005531566	0.000301486
0.005527935	0.000301044
0.005524304	0.000300603
0.005520673	0.000300163
0.005517042	0.000299724
0.005513412	0.000299286
0.00550978	0.000298849
0.00550615	0.000298412
0.005502519	0.000297976
0.005498888	0.000297542
0.005495257	0.000297108
0.005491626	0.000296674
0.005487995	0.000296242
0.005484364	0.000295811
0.005480733	0.00029538
0.005477102	0.00029495
0.005473471	0.000294521
0.00546984	0.000294093
0.00546621	0.000293665
0.005462578	0.000293239
0.005458948	0.000292813
0.005455317	0.000292388
0.005451686	0.000291964
0.005448055	0.000291541
0.005444424	0.000291119
0.005440793	0.000290697
0.005437162	0.000290276
0.005433531	0.000289857
0.0054299	0.000289437
0.005426269	0.000289019
0.005422638	0.000288602
0.005419008	0.000288185
0.005415376	0.00028777
0.005411746	0.000287355
0.005408114	0.000286941
0.005404484	0.000286527
0.005400853	0.000286115
0.005397222	0.000285703
0.005393591	0.000285293
0.00538996	0.000284883
0.005386329	0.000284474
0.005382698	0.000284065
0.005379068	0.000283658
0.005375436	0.000283251
0.005371806	0.000282846
0.005368174	0.000282441
0.005364544	0.000282037
0.005360912	0.000281633
0.005357282	0.000281231
0.00535365	0.000280829
0.00535002	0.000280428
0.005346389	0.000280028
0.005342758	0.000279629
0.005339127	0.000279231
0.005335496	0.000278834
0.005331865	0.000278437
0.005328234	0.000278041
0.005324604	0.000277646
0.005320972	0.000277252
0.005317342	0.000276859
0.00531371	0.000276466
0.00531008	0.000276075
0.005306448	0.000275684
0.005302818	0.000275294
0.005299186	0.000274905
0.005295556	0.000274517
0.005291925	0.000274129
0.005288294	0.000273742
0.005284663	0.000273357
0.005281032	0.000272972
0.005277401	0.000272587
0.00527377	0.000272204
0.005270139	0.000271822
0.005266508	0.00027144
0.005262878	0.000271059
0.005259246	0.000270679
0.005255616	0.0002703
0.005251984	0.000269922
0.005248354	0.000269544
0.005244723	0.000269167
0.005241092	0.000268792
0.00523746	0.000268417
0.00523383	0.000268042
0.005230199	0.000267669
0.005226568	0.000267297
0.005222937	0.000266925
0.005219306	0.000266554
0.005215675	0.000266184
0.005212044	0.000265815
0.005208413	0.000265447
0.005204782	0.000265079
0.005201151	0.000264712
0.00519752	0.000264346
0.005193889	0.000263981
0.005190258	0.000263616
0.005186627	0.000263252
0.005182995	0.000262889
0.005179364	0.000262527
0.005175734	0.000262166
0.005172103	0.000261805
0.005168472	0.000261445
0.00516484	0.000261086
0.005161209	0.000260728
0.005157578	0.00026037
0.005153947	0.000260014
0.005150316	0.000259658
0.005146685	0.000259303
0.005143054	0.000258948
0.005139423	0.000258595
0.005135792	0.000258242
0.005132161	0.00025789
0.00512853	0.000257539
0.005124899	0.000257188
0.005121268	0.000256838
0.005117637	0.000256489
0.005114006	0.000256141
0.005110375	0.000255794
0.005106744	0.000255447
0.005103112	0.000255101
0.005099482	0.000254755
0.00509585	0.000254411
0.005092219	0.000254067
0.005088588	0.000253724
0.005084957	0.000253381
0.005081326	0.00025304
0.005077695	0.000252699
0.005074064	0.000252358
0.005070433	0.000252019
0.005066802	0.00025168
0.005063171	0.000251342
0.00505954	0.000251005
0.005055908	0.000250668
0.005052278	0.000250333
0.005048646	0.000249997
0.005045016	0.000249663
0.005041384	0.000249329
0.005037753	0.000248997
0.005034122	0.000248664
0.005030491	0.000248333
0.00502686	0.000248002
0.005023229	0.000247672
0.005019598	0.000247343
0.005015967	0.000247015
0.005012336	0.000246687
0.005008705	0.00024636
0.005005074	0.000246033
0.005001443	0.000245708
0.004997812	0.000245383
0.00499418	0.000245059
0.00499055	0.000244735
0.004986918	0.000244412
0.004983288	0.00024409
0.004979656	0.000243768
0.004976026	0.000243447
0.004972395	0.000243127
0.004968763	0.000242807
0.004965133	0.000242488
0.004961502	0.000242169
0.004957871	0.000241851
0.004954239	0.000241534
0.004950609	0.000241217
0.004946977	0.000240901
0.004943347	0.000240586
0.004939715	0.000240271
0.004936085	0.000239957
0.004932453	0.000239643
0.004928822	0.00023933
0.004925191	0.000239017
0.00492156	0.000238706
0.00491793	0.000238394
0.004914299	0.000238083
0.004910668	0.000237773
0.004907037	0.000237463
0.004903406	0.000237154
0.004899775	0.000236845
0.004896145	0.000236536
0.004892513	0.000236228
0.004888883	0.00023592
0.004885252	0.000235613
0.004881621	0.000235306
0.00487799	0.000235
0.004874359	0.000234694
0.004870729	0.000234389
0.004867097	0.000234084
0.004863467	0.00023378
0.004859836	0.000233476
0.004856205	0.000233172
0.004852574	0.000232869
0.004848943	0.000232567
0.004845312	0.000232265
0.004841681	0.000231963
0.00483805	0.000231662
0.00483442	0.000231361
0.004830789	0.000231061
0.004827158	0.000230761
0.004823527	0.000230462
0.004819896	0.000230163
0.004816266	0.000229864
0.004812634	0.000229566
0.004809004	0.000229269
0.004805373	0.000228972
0.004801742	0.000228675
0.004798111	0.000228379
0.00479448	0.000228084
0.004790849	0.000227788
0.004787218	0.000227494
0.004783587	0.000227199
0.004779957	0.000226905
0.004776326	0.000226612
0.004772695	0.000226319
0.004769064	0.000226027
0.004765433	0.000225735
0.004761803	0.000225443
0.004758171	0.000225152
0.004754541	0.000224862
0.00475091	0.000224572
0.004747279	0.000224282
0.004743648	0.000223993
0.004740017	0.000223704
0.004736386	0.000223416
0.004732755	0.000223128
0.004729124	0.00022284
0.004725494	0.000222554
0.004721863	0.000222267
0.004718232	0.000221981
0.004714601	0.000221696
0.00471097	0.000221411
0.004707339	0.000221126
0.004703708	0.000220842
0.004700078	0.000220558
0.004696447	0.000220275
0.004692816	0.000219992
0.004689185	0.00021971
0.004685554	0.000219428
0.004681923	0.000219147
0.004678292	0.000218866
0.004674661	0.000218585
0.00467103	0.000218305
0.004667399	0.000218026
0.004663769	0.000217747
0.004660138	0.000217468
0.004656507	0.00021719
0.004652876	0.000216913
0.004649245	0.000216635
0.004645614	0.000216359
0.004641983	0.000216082
0.004638352	0.000215806
0.004634721	0.000215531
0.004631091	0.000215256
0.00462746	0.000214982
0.004623829	0.000214708
0.004620198	0.000214434
0.004616567	0.000214161
0.004612937	0.000213889
0.004609306	0.000213616
0.004605675	0.000213344
0.004602044	0.000213073
0.004598413	0.000212802
0.004594782	0.000212532
0.004591151	0.000212262
0.00458752	0.000211992
0.00458389	0.000211723
0.004580258	0.000211454
0.004576628	0.000211186
0.004572997	0.000210918
0.004569366	0.00021065
0.004565735	0.000210383
0.004562104	0.000210117
0.004558474	0.00020985
0.004554843	0.000209585
0.004551212	0.000209319
0.004547581	0.000209055
0.00454395	0.00020879
0.004540319	0.000208526
0.004536688	0.000208263
0.004533057	0.000207999
0.004529427	0.000207737
0.004525795	0.000207474
0.004522165	0.000207213
0.004518534	0.000206951
0.004514903	0.00020669
0.004511272	0.00020643
0.004507641	0.00020617
0.004504011	0.00020591
0.00450038	0.000205651
0.004496749	0.000205392
0.004493118	0.000205134
0.004489487	0.000204876
0.004485856	0.000204618
0.004482225	0.000204361
0.004478594	0.000204104
0.004474964	0.000203848
0.004471332	0.000203592
0.004467702	0.000203337
0.004464071	0.000203082
0.00446044	0.000202828
0.004456809	0.000202574
0.004453178	0.00020232
0.004449548	0.000202067
0.004445917	0.000201814
0.004442286	0.000201562
0.004438655	0.00020131
0.004435024	0.000201059
0.004431393	0.000200808
0.004427763	0.000200557
0.004424131	0.000200307
0.004420501	0.000200057
0.00441687	0.000199808
0.004413239	0.000199559
0.004409608	0.000199311
0.004405977	0.000199063
0.004402347	0.000198815
0.004398715	0.000198568
0.004395085	0.000198322
0.004391454	0.000198075
0.004387823	0.00019783
0.004384192	0.000197584
0.004380561	0.000197339
0.00437693	0.000197095
0.004373299	0.000196851
0.004369668	0.000196607
0.004366038	0.000196364
0.004362407	0.000196121
0.004358776	0.000195879
0.004355145	0.000195637
0.004351514	0.000195396
0.004347883	0.000195154
0.004344252	0.000194914
0.004340622	0.000194674
0.00433699	0.000194434
0.00433336	0.000194195
0.004329728	0.000193956
0.004326098	0.000193717
0.004322467	0.000193479
0.004318836	0.000193241
0.004315205	0.000193004
0.004311574	0.000192767
0.004307943	0.000192531
0.004304312	0.000192295
0.004300682	0.000192059
0.00429705	0.000191824
0.00429342	0.000191589
0.004289789	0.000191355
0.004286158	0.000191121
0.004282527	0.000190888
0.004278896	0.000190655
0.004275265	0.000190422
0.004271634	0.00019019
0.004268003	0.000189958
0.004264372	0.000189727
0.004260741	0.000189496
0.00425711	0.000189266
0.004253479	0.000189035
0.004249849	0.000188806
0.004246218	0.000188577
0.004242587	0.000188348
0.004238956	0.000188119
0.004235325	0.000187891
0.004231694	0.000187664
0.004228063	0.000187437
0.004224432	0.00018721
0.004220801	0.000186984
0.00421717	0.000186758
0.004213539	0.000186533
0.004209909	0.000186308
0.004206277	0.000186083
0.004202647	0.000185859
0.004199016	0.000185635
0.004195385	0.000185412
0.004191754	0.000185189
0.004188123	0.000184966
0.004184492	0.000184744
0.004180861	0.000184523
0.004177231	0.000184302
0.004173599	0.000184081
0.004169969	0.000183861
0.004166337	0.000183641
0.004162707	0.000183421
0.004159075	0.000183202
0.004155445	0.000182984
0.004151814	0.000182766
0.004148183	0.000182548
0.004144552	0.000182331
0.004140921	0.000182114
0.00413729	0.000181898
0.004133659	0.000181682
0.004130028	0.000181466
0.004126397	0.000181251
0.004122767	0.000181036
0.004119135	0.000180822
0.004115505	0.000180608
0.004111874	0.000180395
0.004108243	0.000180182
0.004104612	0.00017997
0.004100981	0.000179758
0.00409735	0.000179546
0.004093719	0.000179335
0.004090088	0.000179124
0.004086457	0.000178914
0.004082826	0.000178704
0.004079195	0.000178494
0.004075565	0.000178285
0.004071933	0.000178077
0.004068303	0.000177868
0.004064672	0.000177661
0.004061041	0.000177453
0.00405741	0.000177246
0.004053779	0.00017704
0.004050148	0.000176834
0.004046517	0.000176628
0.004042886	0.000176423
0.004039255	0.000176218
0.004035625	0.000176014
0.004031993	0.00017581
0.004028363	0.000175607
0.004024731	0.000175404
0.004021101	0.000175201
0.00401747	0.000174999
0.004013839	0.000174797
0.004010208	0.000174596
0.004006577	0.000174395
0.004002946	0.000174195
0.003999315	0.000173995
0.003995684	0.000173795
0.003992053	0.000173596
0.003988422	0.000173398
0.003984791	0.000173199
0.003981161	0.000173002
0.003977529	0.000172804
0.003973899	0.000172607
0.003970268	0.000172411
0.003966637	0.000172215
0.003963006	0.000172019
0.003959375	0.000171824
0.003955744	0.000171629
0.003952113	0.000171435
0.003948482	0.000171241
0.003944851	0.000171047
0.00394122	0.000170854
0.003937589	0.000170662
0.003933959	0.000170469
0.003930327	0.000170278
0.003926697	0.000170086
0.003923065	0.000169895
0.003919435	0.000169705
0.003915804	0.000169515
0.003912173	0.000169325
0.003908542	0.000169136
0.003904911	0.000168947
0.00390128	0.000168759
0.003897649	0.000168571
0.003894018	0.000168384
0.003890387	0.000168196
0.003886756	0.00016801
0.003883125	0.000167824
0.003879494	0.000167638
0.003875863	0.000167452
0.003872232	0.000167267
0.003868601	0.000167083
0.003864971	0.000166899
0.00386134	0.000166715
0.003857709	0.000166532
0.003854078	0.000166349
0.003850447	0.000166166
0.003846816	0.000165984
0.003843185	0.000165803
0.003839554	0.000165622
0.003835923	0.000165441
0.003832292	0.00016526
0.003828661	0.00016508
0.00382503	0.000164901
0.003821399	0.000164722
0.003817768	0.000164543
0.003814137	0.000164365
0.003810506	0.000164187
0.003806875	0.00016401
0.003803245	0.000163833
0.003799614	0.000163656
0.003795983	0.00016348
0.003792352	0.000163304
0.003788721	0.000163129
0.00378509	0.000162954
0.003781459	0.000162779
0.003777828	0.000162605
0.003774197	0.000162431
0.003770566	0.000162258
0.003766935	0.000162085
0.003763304	0.000161913
0.003759673	0.000161741
0.003756042	0.000161569
0.003752412	0.000161398
0.00374878	0.000161227
0.003745149	0.000161057
0.003741518	0.000160887
0.003737888	0.000160717
0.003734257	0.000160548
0.003730626	0.00016038
0.003726995	0.000160212
0.003723364	0.000160044
0.003719733	0.000159876
0.003716102	0.000159709
0.003712471	0.000159543
0.00370884	0.000159377
0.003705209	0.000159211
0.003701578	0.000159046
0.003697947	0.000158881
0.003694316	0.000158716
0.003690685	0.000158552
0.003687054	0.000158389
0.003683424	0.000158225
0.003679793	0.000158063
0.003676162	0.0001579
0.00367253	0.000157738
0.0036689	0.000157577
0.003665269	0.000157416
0.003661638	0.000157255
0.003658007	0.000157095
0.003654376	0.000156935
0.003650745	0.000156776
0.003647114	0.000156616
0.003643483	0.000156458
0.003639852	0.0001563
0.003636221	0.000156142
0.00363259	0.000155985
0.003628959	0.000155828
0.003625328	0.000155671
0.003621697	0.000155515
0.003618066	0.000155359
0.003614435	0.000155204
0.003610804	0.000155049
0.003607173	0.000154895
0.003603543	0.000154741
0.003599912	0.000154587
0.003596281	0.000154434
0.00359265	0.000154281
0.003589019	0.000154129
0.003585388	0.000153977
0.003581757	0.000153825
0.003578126	0.000153674
0.003574495	0.000153523
0.003570864	0.000153373
0.003567233	0.000153223
0.003563602	0.000153074
0.00355997	0.000152925
0.00355634	0.000152777
0.003552709	0.000152629
0.003549078	0.000152481
0.003545447	0.000152334
0.003541816	0.000152187
0.003538185	0.000152041
0.003534554	0.000151895
0.003530923	0.00015175
0.003527292	0.000151605
0.003523661	0.00015146
0.00352003	0.000151316
0.003516399	0.000151172
0.003512767	0.000151029
0.003509136	0.000150886
0.003505506	0.000150744
0.003501875	0.000150602
0.003498244	0.000150461
0.003494613	0.00015032
0.003490982	0.000150179
0.00348735	0.000150039
0.00348372	0.0001499
0.003480089	0.00014976
0.003476457	0.000149622
0.003472826	0.000149483
0.003469195	0.000149345
0.003465564	0.000149208
0.003461933	0.000149071
0.003458302	0.000148934
0.003454672	0.000148798
0.00345104	0.000148663
0.003447409	0.000148527
0.003443778	0.000148393
0.003440147	0.000148258
0.003436516	0.000148124
0.003432886	0.000147991
0.003429255	0.000147858
0.003425623	0.000147725
0.003421993	0.000147593
0.003418362	0.000147461
0.003414731	0.00014733
0.0034111	0.000147199
0.003407469	0.000147068
0.003403838	0.000146938
0.003400207	0.000146808
0.003396576	0.000146679
0.003392945	0.00014655
0.003389314	0.000146421
0.003385683	0.000146293
0.003382052	0.000146165
0.003378422	0.000146038
0.003374791	0.000145911
0.00337116	0.000145785
0.003367529	0.000145659
0.003363898	0.000145533
0.003360267	0.000145408
0.003356636	0.000145284
0.003353005	0.000145159
0.003349374	0.000145035
0.003345743	0.000144912
0.003342112	0.000144788
0.003338481	0.000144665
0.00333485	0.000144543
0.003331219	0.000144421
0.003327588	0.000144299
0.003323957	0.000144177
0.003320326	0.000144056
0.003316695	0.000143935
0.003313064	0.000143815
0.003309433	0.000143695
0.003305801	0.000143575
0.003302171	0.000143456
0.00329854	0.000143337
0.003294909	0.000143218
0.003291278	0.0001431
0.003287646	0.000142982
0.003284015	0.000142864
0.003280384	0.000142747
0.003276753	0.00014263
0.003273122	0.000142514
0.003269491	0.000142397
0.00326586	0.000142282
0.003262229	0.000142166
0.003258598	0.000142051
0.003254967	0.000141936
0.003251336	0.000141822
0.003247705	0.000141708
0.003244074	0.000141594
0.003240443	0.000141481
0.003236812	0.000141368
0.003233181	0.000141255
0.00322955	0.000141143
0.003225919	0.000141031
0.003222288	0.00014092
0.003218657	0.000140809
0.003215026	0.000140698
0.003211395	0.000140587
0.003207764	0.000140477
0.003204133	0.000140368
0.003200502	0.000140258
0.003196871	0.000140149
0.00319324	0.000140041
0.003189609	0.000139932
0.003185978	0.000139824
0.003182347	0.000139717
0.003178716	0.000139609
0.003175085	0.000139503
0.003171453	0.000139396
0.003167823	0.00013929
0.003164191	0.000139184
0.00316056	0.000139079
0.003156929	0.000138973
0.003153298	0.000138869
0.003149667	0.000138764
0.003146037	0.00013866
0.003142405	0.000138557
0.003138774	0.000138453
0.003135143	0.00013835
0.003131512	0.000138248
0.003127881	0.000138145
0.00312425	0.000138044
0.003120619	0.000137942
0.003116988	0.000137841
0.003113357	0.00013774
0.003109726	0.00013764
0.003106095	0.000137539
0.003102464	0.00013744
0.003098833	0.00013734
0.003095202	0.000137241
0.003091571	0.000137143
0.00308794	0.000137044
0.003084309	0.000136946
0.003080678	0.000136849
0.003077047	0.000136751
0.003073416	0.000136654
0.003069785	0.000136558
0.003066154	0.000136462
0.003062522	0.000136366
0.003058891	0.00013627
0.00305526	0.000136175
0.003051629	0.000136079
0.003047998	0.000135985
0.003044367	0.00013589
0.003040736	0.000135796
0.003037105	0.000135702
0.003033474	0.000135609
0.003029843	0.000135516
0.003026212	0.000135423
0.003022581	0.00013533
0.00301895	0.000135238
0.003015318	0.000135146
0.003011687	0.000135054
0.003008056	0.000134963
0.003004425	0.000134872
0.003000794	0.000134781
0.002997163	0.000134691
0.002993532	0.0001346
0.002989901	0.00013451
0.00298627	0.000134421
0.002982639	0.000134331
0.002979008	0.000134242
0.002975377	0.000134154
0.002971745	0.000134065
0.002968114	0.000133977
0.002964483	0.000133889
0.002960852	0.000133801
0.002957221	0.000133714
0.00295359	0.000133627
0.002949959	0.00013354
0.002946328	0.000133454
0.002942697	0.000133368
0.002939066	0.000133282
0.002935435	0.000133196
0.002931803	0.000133111
0.002928172	0.000133026
0.002924541	0.000132941
0.00292091	0.000132857
0.002917279	0.000132772
0.002913648	0.000132688
0.002910017	0.000132605
0.002906386	0.000132522
0.002902755	0.000132439
0.002899124	0.000132356
0.002895492	0.000132273
0.002891861	0.000132191
0.00288823	0.00013211
0.002884599	0.000132028
0.002880968	0.000131947
0.002877337	0.000131866
0.002873706	0.000131785
0.002870075	0.000131705
0.002866444	0.000131625
0.002862813	0.000131545
0.002859182	0.000131465
0.00285555	0.000131386
0.002851919	0.000131307
0.002848288	0.000131228
0.002844657	0.00013115
0.002841026	0.000131072
0.002837395	0.000130994
0.002833764	0.000130917
0.002830133	0.00013084
0.002826502	0.000130763
0.002822871	0.000130686
0.00281924	0.00013061
0.002815609	0.000130534
0.002811978	0.000130458
0.002808347	0.000130383
0.002804716	0.000130308
0.002801085	0.000130233
0.002797454	0.000130159
0.002793822	0.000130085
0.002790191	0.000130011
0.00278656	0.000129938
0.00278293	0.000129865
0.002779298	0.000129792
0.002775668	0.000129719
0.002772036	0.000129647
0.002768405	0.000129575
0.002764774	0.000129504
0.002761143	0.000129432
0.002757512	0.000129361
0.002753881	0.000129291
0.00275025	0.00012922
0.002746619	0.00012915
0.002742988	0.000129081
0.002739357	0.000129011
0.002735726	0.000128942
0.002732095	0.000128873
0.002728464	0.000128805
0.002724833	0.000128737
0.002721202	0.000128669
0.002717571	0.000128601
0.00271394	0.000128534
0.002710309	0.000128467
0.002706678	0.000128401
0.002703047	0.000128335
0.002699416	0.000128269
0.002695785	0.000128203
0.002692154	0.000128138
0.002688523	0.000128073
0.002684892	0.000128008
0.002681261	0.000127944
0.00267763	0.00012788
0.002673999	0.000127816
0.002670368	0.000127753
0.002666737	0.00012769
0.002663106	0.000127627
0.002659475	0.000127565
0.002655844	0.000127503
0.002652212	0.000127441
0.002648581	0.00012738
0.00264495	0.000127319
0.002641319	0.000127258
0.002637688	0.000127197
0.002634057	0.000127137
0.002630426	0.000127077
0.002626795	0.000127018
0.002623164	0.000126959
0.002619533	0.0001269
0.002615902	0.000126842
0.002612271	0.000126783
0.00260864	0.000126726
0.002605009	0.000126668
0.002601378	0.000126611
0.002597747	0.000126554
0.002594116	0.000126497
0.002590484	0.000126441
0.002586853	0.000126385
0.002583222	0.00012633
0.002579592	0.000126274
0.00257596	0.00012622
0.002572329	0.000126165
0.002568698	0.000126111
0.002565067	0.000126057
0.002561436	0.000126003
0.002557805	0.00012595
0.002554174	0.000125897
0.002550543	0.000125844
0.002546912	0.000125792
0.002543281	0.00012574
0.00253965	0.000125688
0.002536019	0.000125637
0.002532388	0.000125586
0.002528757	0.000125535
0.002525126	0.000125485
0.002521495	0.000125435
0.002517864	0.000125385
0.002514232	0.000125336
0.002510601	0.000125286
0.00250697	0.000125238
0.002503339	0.000125189
0.002499708	0.000125141
0.002496077	0.000125093
0.002492446	0.000125046
0.002488814	0.000124999
0.002485183	0.000124952
0.002481552	0.000124905
0.002477921	0.000124859
0.00247429	0.000124813
0.002470659	0.000124767
0.002467028	0.000124722
0.002463397	0.000124677
0.002459766	0.000124632
0.002456134	0.000124588
0.002452503	0.000124543
0.002448872	0.000124499
0.002445241	0.000124456
0.00244161	0.000124413
0.002437979	0.00012437
0.002434348	0.000124327
0.002430716	0.000124285
0.002427085	0.000124243
0.002423454	0.000124201
0.002419823	0.000124159
0.002416192	0.000124118
0.002412561	0.000124077
0.00240893	0.000124037
0.002405299	0.000123996
0.002401668	0.000123957
0.002398036	0.000123917
0.002394405	0.000123878
0.002390774	0.000123838
0.002387143	0.0001238
0.002383512	0.000123761
0.002379881	0.000123723
0.00237625	0.000123685
0.002372619	0.000123648
0.002368987	0.000123611
0.002365356	0.000123574
0.002361725	0.000123537
0.002358094	0.000123501
0.002354463	0.000123465
0.002350832	0.000123429
0.002347201	0.000123393
0.00234357	0.000123358
0.002339938	0.000123324
0.002336307	0.000123289
0.002332676	0.000123255
0.002329045	0.000123221
0.002325414	0.000123187
0.002321783	0.000123154
0.002318152	0.000123121
0.002314521	0.000123088
0.002310889	0.000123056
0.002307258	0.000123024
0.002303627	0.000122992
0.002299996	0.00012296
0.002296365	0.000122929
0.002292734	0.000122898
0.002289103	0.000122868
0.002285471	0.000122837
0.00228184	0.000122807
0.002278209	0.000122778
0.002274578	0.000122748
0.002270947	0.000122719
0.002267316	0.00012269
0.002263685	0.000122662
0.002260054	0.000122633
0.002256423	0.000122606
0.002252791	0.000122578
0.00224916	0.000122551
0.002245529	0.000122524
0.002241898	0.000122497
0.002238267	0.000122471
0.002234636	0.000122445
0.002231005	0.000122419
0.002227374	0.000122394
0.002223742	0.000122369
0.002220111	0.000122344
0.00221648	0.00012232
0.002212849	0.000122296
0.002209218	0.000122272
0.002205587	0.000122249
0.002201956	0.000122225
0.002198325	0.000122203
0.002194694	0.00012218
0.002191063	0.000122158
0.002187432	0.000122137
0.002183801	0.000122116
0.00218017	0.000122095
0.002176538	0.000122074
0.002172907	0.000122054
0.002169276	0.000122034
0.002165645	0.000122014
0.002162014	0.000121995
0.002158383	0.000121976
0.002154752	0.000121958
0.002151121	0.00012194
0.00214749	0.000121922
0.002143859	0.000121905
0.002140227	0.000121888
0.002136596	0.000121871
0.002132965	0.000121854
0.002129334	0.000121838
0.002125703	0.000121823
0.002122072	0.000121807
0.00211844	0.000121792
0.002114809	0.000121777
0.002111178	0.000121763
0.002107547	0.000121748
0.002103916	0.000121735
0.002100285	0.000121721
0.002096653	0.000121708
0.002093022	0.000121695
0.002089391	0.000121682
0.00208576	0.00012167
0.002082129	0.000121658
0.002078497	0.000121646
0.002074866	0.000121635
0.002071235	0.000121623
0.002067604	0.000121613
0.002063973	0.000121602
0.002060342	0.000121592
0.00205671	0.000121581
0.002053079	0.000121572
0.002049448	0.000121562
0.002045817	0.000121553
0.002042185	0.000121544
0.002038554	0.000121535
0.002034923	0.000121527
0.002031292	0.000121519
0.002027661	0.000121511
0.00202403	0.000121503
0.002020398	0.000121496
0.002016767	0.000121489
0.002013136	0.000121482
0.002009505	0.000121476
0.002005874	0.00012147
0.002002243	0.000121464
0.001998612	0.000121459
0.00199498	0.000121454
0.001991349	0.000121449
0.001987718	0.000121444
0.001984087	0.00012144
0.001980456	0.000121436
0.001976825	0.000121432
0.001973193	0.000121429
0.001969562	0.000121426
0.001965931	0.000121423
0.0019623	0.000121421
0.001958669	0.000121419
0.001955038	0.000121417
0.001951407	0.000121416
0.001947776	0.000121415
0.001944144	0.000121414
0.001940513	0.000121413
0.001936882	0.000121413